0 0
0.000533693 0.000533633
0.00106739 0.00106714
0.00160108 0.00160053
0.00213477 0.0021338
0.00266847 0.00266695
0.00320216 0.00319997
0.00373585 0.00373287
0.00426955 0.00426565
0.00480324 0.00479831
0.00533693 0.00533084
0.00587063 0.00586326
0.00640432 0.00639555
0.00693802 0.00692772
0.00747171 0.00745976
0.0080054 0.00799169
0.0085391 0.00852349
0.00907279 0.00905517
0.00960648 0.00958673
0.0101402 0.0101182
0.0106739 0.0106495
0.0112076 0.0111807
0.0117413 0.0117117
0.0122749 0.0122427
0.0128086 0.0127735
0.0133423 0.0133042
0.013876 0.0138348
0.0144097 0.0143652
0.0149434 0.0148956
0.0154771 0.0154258
0.0160108 0.0159558
0.0165445 0.0164858
0.0170782 0.0170156
0.0176119 0.0175454
0.0181456 0.0180749
0.0186793 0.0186044
0.019213 0.0191338
0.0197467 0.019663
0.0202804 0.0201921
0.020814 0.0207211
0.0213477 0.0212499
0.0218814 0.0217786
0.0224151 0.0223072
0.0229488 0.0228357
0.0234825 0.0233641
0.0240162 0.0238923
0.0245499 0.0244204
0.0250836 0.0249484
0.0256173 0.0254763
0.026151 0.026004
0.0266847 0.0265316
0.0272184 0.0270591
0.0277521 0.0275865
0.0282858 0.0281137
0.0288194 0.0286409
0.0293531 0.0291678
0.0298868 0.0296947
0.0304205 0.0302215
0.0309542 0.0307481
0.0314879 0.0312746
0.0320216 0.031801
0.0325553 0.0323272
0.033089 0.0328533
0.0336227 0.0333793
0.0341564 0.0339052
0.0346901 0.034431
0.0352238 0.0349566
0.0357575 0.0354821
0.0362912 0.0360075
0.0368248 0.0365327
0.0373585 0.0370579
0.0378922 0.0375829
0.0384259 0.0381078
0.0389596 0.0386325
0.0394933 0.0391571
0.040027 0.0396816
0.0405607 0.040206
0.0410944 0.0407303
0.0416281 0.0412544
0.0421618 0.0417784
0.0426955 0.0423023
0.0432292 0.0428261
0.0437629 0.0433497
0.0442966 0.0438732
0.0448303 0.0443966
0.0453639 0.0449198
0.0458976 0.045443
0.0464313 0.045966
0.046965 0.0464888
0.0474987 0.0470116
0.0480324 0.0475342
0.0485661 0.0480567
0.0490998 0.0485791
0.0496335 0.0491014
0.0501672 0.0496235
0.0507009 0.0501455
0.0512346 0.0506674
0.0517683 0.0511891
0.052302 0.0517107
0.0528357 0.0522322
0.0533693 0.0527536
0.053903 0.0532749
0.0544367 0.053796
0.0549704 0.054317
0.0555041 0.0548378
0.0560378 0.0553586
0.0565715 0.0558792
0.0571052 0.0563997
0.0576389 0.0569201
0.0581726 0.0574403
0.0587063 0.0579604
0.05924 0.0584804
0.0597737 0.0590003
0.0603074 0.05952
0.0608411 0.0600396
0.0613747 0.0605591
0.0619084 0.0610784
0.0624421 0.0615977
0.0629758 0.0621168
0.0635095 0.0626357
0.0640432 0.0631546
0.0645769 0.0636733
0.0651106 0.0641919
0.0656443 0.0647104
0.066178 0.0652287
0.0667117 0.0657469
0.0672454 0.066265
0.0677791 0.066783
0.0683128 0.0673008
0.0688465 0.0678185
0.0693802 0.0683361
0.0699138 0.0688536
0.0704475 0.0693709
0.0709812 0.0698881
0.0715149 0.0704052
0.0720486 0.0709221
0.0725823 0.0714389
0.073116 0.0719556
0.0736497 0.0724722
0.0741834 0.0729886
0.0747171 0.0735049
0.0752508 0.0740211
0.0757845 0.0745372
0.0763182 0.0750531
0.0768519 0.0755689
0.0773856 0.0760846
0.0779192 0.0766001
0.0784529 0.0771156
0.0789866 0.0776309
0.0795203 0.078146
0.080054 0.0786611
0.0805877 0.079176
0.0811214 0.0796908
0.0816551 0.0802054
0.0821888 0.0807199
0.0827225 0.0812343
0.0832562 0.0817486
0.0837899 0.0822628
0.0843236 0.0827768
0.0848573 0.0832907
0.085391 0.0838044
0.0859246 0.0843181
0.0864583 0.0848316
0.086992 0.0853449
0.0875257 0.0858582
0.0880594 0.0863713
0.0885931 0.0868843
0.0891268 0.0873972
0.0896605 0.0879099
0.0901942 0.0884225
0.0907279 0.088935
0.0912616 0.0894474
0.0917953 0.0899596
0.092329 0.0904717
0.0928627 0.0909837
0.0933964 0.0914955
0.09393 0.0920072
0.0944637 0.0925188
0.0949974 0.0930303
0.0955311 0.0935416
0.0960648 0.0940528
0.0965985 0.0945639
0.0971322 0.0950748
0.0976659 0.0955856
0.0981996 0.0960963
0.0987333 0.0966069
0.099267 0.0971173
0.0998007 0.0976276
0.100334 0.0981378
0.100868 0.0986478
0.101402 0.0991577
0.101935 0.0996675
0.102469 0.100177
0.103003 0.100687
0.103537 0.101196
0.10407 0.101705
0.104604 0.102214
0.105138 0.102724
0.105671 0.103232
0.106205 0.103741
0.106739 0.10425
0.107272 0.104758
0.107806 0.105267
0.10834 0.105775
0.108873 0.106283
0.109407 0.106791
0.109941 0.107299
0.110475 0.107807
0.111008 0.108314
0.111542 0.108822
0.112076 0.109329
0.112609 0.109836
0.113143 0.110343
0.113677 0.11085
0.11421 0.111357
0.114744 0.111864
0.115278 0.11237
0.115811 0.112877
0.116345 0.113383
0.116879 0.113889
0.117413 0.114395
0.117946 0.114901
0.11848 0.115407
0.119014 0.115913
0.119547 0.116418
0.120081 0.116923
0.120615 0.117429
0.121148 0.117934
0.121682 0.118439
0.122216 0.118944
0.122749 0.119448
0.123283 0.119953
0.123817 0.120458
0.124351 0.120962
0.124884 0.121466
0.125418 0.12197
0.125952 0.122474
0.126485 0.122978
0.127019 0.123482
0.127553 0.123985
0.128086 0.124489
0.12862 0.124992
0.129154 0.125495
0.129688 0.125998
0.130221 0.126501
0.130755 0.127004
0.131289 0.127507
0.131822 0.128009
0.132356 0.128512
0.13289 0.129014
0.133423 0.129516
0.133957 0.130018
0.134491 0.13052
0.135024 0.131022
0.135558 0.131523
0.136092 0.132025
0.136626 0.132526
0.137159 0.133028
0.137693 0.133529
0.138227 0.13403
0.13876 0.13453
0.139294 0.135031
0.139828 0.135532
0.140361 0.136032
0.140895 0.136533
0.141429 0.137033
0.141962 0.137533
0.142496 0.138033
0.14303 0.138533
0.143564 0.139032
0.144097 0.139532
0.144631 0.140031
0.145165 0.14053
0.145698 0.14103
0.146232 0.141529
0.146766 0.142027
0.147299 0.142526
0.147833 0.143025
0.148367 0.143523
0.1489 0.144022
0.149434 0.14452
0.149968 0.145018
0.150502 0.145516
0.151035 0.146014
0.151569 0.146512
0.152103 0.147009
0.152636 0.147507
0.15317 0.148004
0.153704 0.148501
0.154237 0.148998
0.154771 0.149495
0.155305 0.149992
0.155838 0.150489
0.156372 0.150985
0.156906 0.151481
0.15744 0.151978
0.157973 0.152474
0.158507 0.15297
0.159041 0.153466
0.159574 0.153962
0.160108 0.154457
0.160642 0.154953
0.161175 0.155448
0.161709 0.155943
0.162243 0.156438
0.162777 0.156933
0.16331 0.157428
0.163844 0.157923
0.164378 0.158417
0.164911 0.158912
0.165445 0.159406
0.165979 0.1599
0.166512 0.160394
0.167046 0.160888
0.16758 0.161382
0.168113 0.161876
0.168647 0.162369
0.169181 0.162863
0.169715 0.163356
0.170248 0.163849
0.170782 0.164342
0.171316 0.164835
0.171849 0.165328
0.172383 0.16582
0.172917 0.166313
0.17345 0.166805
0.173984 0.167297
0.174518 0.167789
0.175051 0.168281
0.175585 0.168773
0.176119 0.169265
0.176653 0.169756
0.177186 0.170248
0.17772 0.170739
0.178254 0.17123
0.178787 0.171721
0.179321 0.172212
0.179855 0.172703
0.180388 0.173193
0.180922 0.173684
0.181456 0.174174
0.181989 0.174664
0.182523 0.175154
0.183057 0.175644
0.183591 0.176134
0.184124 0.176624
0.184658 0.177114
0.185192 0.177603
0.185725 0.178092
0.186259 0.178581
0.186793 0.17907
0.187326 0.179559
0.18786 0.180048
0.188394 0.180537
0.188927 0.181025
0.189461 0.181514
0.189995 0.182002
0.190529 0.18249
0.191062 0.182978
0.191596 0.183466
0.19213 0.183954
0.192663 0.184441
0.193197 0.184929
0.193731 0.185416
0.194264 0.185903
0.194798 0.18639
0.195332 0.186877
0.195866 0.187364
0.196399 0.187851
0.196933 0.188337
0.197467 0.188824
0.198 0.18931
0.198534 0.189796
0.199068 0.190282
0.199601 0.190768
0.200135 0.191254
0.200669 0.191739
0.201202 0.192225
0.201736 0.19271
0.20227 0.193195
0.202804 0.19368
0.203337 0.194165
0.203871 0.19465
0.204405 0.195135
0.204938 0.195619
0.205472 0.196104
0.206006 0.196588
0.206539 0.197072
0.207073 0.197556
0.207607 0.19804
0.20814 0.198524
0.208674 0.199008
0.209208 0.199491
0.209742 0.199974
0.210275 0.200458
0.210809 0.200941
0.211343 0.201424
0.211876 0.201907
0.21241 0.202389
0.212944 0.202872
0.213477 0.203354
0.214011 0.203837
0.214545 0.204319
0.215078 0.204801
0.215612 0.205283
0.216146 0.205765
0.21668 0.206246
0.217213 0.206728
0.217747 0.207209
0.218281 0.20769
0.218814 0.208171
0.219348 0.208652
0.219882 0.209133
0.220415 0.209614
0.220949 0.210095
0.221483 0.210575
0.222016 0.211055
0.22255 0.211536
0.223084 0.212016
0.223618 0.212496
0.224151 0.212975
0.224685 0.213455
0.225219 0.213935
0.225752 0.214414
0.226286 0.214893
0.22682 0.215372
0.227353 0.215851
0.227887 0.21633
0.228421 0.216809
0.228954 0.217288
0.229488 0.217766
0.230022 0.218244
0.230556 0.218723
0.231089 0.219201
0.231623 0.219679
0.232157 0.220156
0.23269 0.220634
0.233224 0.221112
0.233758 0.221589
0.234291 0.222066
0.234825 0.222543
0.235359 0.22302
0.235893 0.223497
0.236426 0.223974
0.23696 0.224451
0.237494 0.224927
0.238027 0.225403
0.238561 0.22588
0.239095 0.226356
0.239628 0.226832
0.240162 0.227307
0.240696 0.227783
0.241229 0.228259
0.241763 0.228734
0.242297 0.229209
0.242831 0.229685
0.243364 0.23016
0.243898 0.230634
0.244432 0.231109
0.244965 0.231584
0.245499 0.232058
0.246033 0.232533
0.246566 0.233007
0.2471 0.233481
0.247634 0.233955
0.248167 0.234429
0.248701 0.234903
0.249235 0.235376
0.249769 0.23585
0.250302 0.236323
0.250836 0.236796
0.25137 0.237269
0.251903 0.237742
0.252437 0.238215
0.252971 0.238687
0.253504 0.23916
0.254038 0.239632
0.254572 0.240104
0.255105 0.240577
0.255639 0.241049
0.256173 0.24152
0.256707 0.241992
0.25724 0.242464
0.257774 0.242935
0.258308 0.243406
0.258841 0.243878
0.259375 0.244349
0.259909 0.24482
0.260442 0.24529
0.260976 0.245761
0.26151 0.246231
0.262043 0.246702
0.262577 0.247172
0.263111 0.247642
0.263645 0.248112
0.264178 0.248582
0.264712 0.249052
0.265246 0.249521
0.265779 0.249991
0.266313 0.25046
0.266847 0.250929
0.26738 0.251398
0.267914 0.251867
0.268448 0.252336
0.268982 0.252805
0.269515 0.253273
0.270049 0.253742
0.270583 0.25421
0.271116 0.254678
0.27165 0.255146
0.272184 0.255614
0.272717 0.256082
0.273251 0.256549
0.273785 0.257017
0.274318 0.257484
0.274852 0.257951
0.275386 0.258418
0.27592 0.258885
0.276453 0.259352
0.276987 0.259819
0.277521 0.260285
0.278054 0.260752
0.278588 0.261218
0.279122 0.261684
0.279655 0.26215
0.280189 0.262616
0.280723 0.263082
0.281256 0.263547
0.28179 0.264013
0.282324 0.264478
0.282858 0.264943
0.283391 0.265408
0.283925 0.265873
0.284459 0.266338
0.284992 0.266803
0.285526 0.267267
0.28606 0.267732
0.286593 0.268196
0.287127 0.26866
0.287661 0.269124
0.288194 0.269588
0.288728 0.270052
0.289262 0.270515
0.289796 0.270979
0.290329 0.271442
0.290863 0.271905
0.291397 0.272369
0.29193 0.272831
0.292464 0.273294
0.292998 0.273757
0.293531 0.27422
0.294065 0.274682
0.294599 0.275144
0.295132 0.275606
0.295666 0.276068
0.2962 0.27653
0.296734 0.276992
0.297267 0.277454
0.297801 0.277915
0.298335 0.278377
0.298868 0.278838
0.299402 0.279299
0.299936 0.27976
0.300469 0.280221
0.301003 0.280681
0.301537 0.281142
0.30207 0.281602
0.302604 0.282063
0.303138 0.282523
0.303672 0.282983
0.304205 0.283443
0.304739 0.283903
0.305273 0.284362
0.305806 0.284822
0.30634 0.285281
0.306874 0.28574
0.307407 0.2862
0.307941 0.286659
0.308475 0.287117
0.309009 0.287576
0.309542 0.288035
0.310076 0.288493
0.31061 0.288951
0.311143 0.28941
0.311677 0.289868
0.312211 0.290326
0.312744 0.290783
0.313278 0.291241
0.313812 0.291699
0.314345 0.292156
0.314879 0.292613
0.315413 0.29307
0.315947 0.293527
0.31648 0.293984
0.317014 0.294441
0.317548 0.294898
0.318081 0.295354
0.318615 0.29581
0.319149 0.296267
0.319682 0.296723
0.320216 0.297179
0.32075 0.297634
0.321283 0.29809
0.321817 0.298546
0.322351 0.299001
0.322885 0.299456
0.323418 0.299911
0.323952 0.300366
0.324486 0.300821
0.325019 0.301276
0.325553 0.301731
0.326087 0.302185
0.32662 0.30264
0.327154 0.303094
0.327688 0.303548
0.328221 0.304002
0.328755 0.304456
0.329289 0.304909
0.329823 0.305363
0.330356 0.305816
0.33089 0.30627
0.331424 0.306723
0.331957 0.307176
0.332491 0.307629
0.333025 0.308082
0.333558 0.308534
0.334092 0.308987
0.334626 0.309439
0.335159 0.309891
0.335693 0.310343
0.336227 0.310795
0.336761 0.311247
0.337294 0.311699
0.337828 0.31215
0.338362 0.312602
0.338895 0.313053
0.339429 0.313504
0.339963 0.313956
0.340496 0.314406
0.34103 0.314857
0.341564 0.315308
0.342098 0.315758
0.342631 0.316209
0.343165 0.316659
0.343699 0.317109
0.344232 0.317559
0.344766 0.318009
0.3453 0.318459
0.345833 0.318908
0.346367 0.319358
0.346901 0.319807
0.347434 0.320256
0.347968 0.320706
0.348502 0.321154
0.349036 0.321603
0.349569 0.322052
0.350103 0.322501
0.350637 0.322949
0.35117 0.323397
0.351704 0.323845
0.352238 0.324293
0.352771 0.324741
0.353305 0.325189
0.353839 0.325637
0.354372 0.326084
0.354906 0.326532
0.35544 0.326979
0.355974 0.327426
0.356507 0.327873
0.357041 0.32832
0.357575 0.328766
0.358108 0.329213
0.358642 0.329659
0.359176 0.330106
0.359709 0.330552
0.360243 0.330998
0.360777 0.331444
0.36131 0.33189
0.361844 0.332335
0.362378 0.332781
0.362912 0.333226
0.363445 0.333672
0.363979 0.334117
0.364513 0.334562
0.365046 0.335007
0.36558 0.335451
0.366114 0.335896
0.366647 0.33634
0.367181 0.336785
0.367715 0.337229
0.368248 0.337673
0.368782 0.338117
0.369316 0.338561
0.36985 0.339005
0.370383 0.339448
0.370917 0.339892
0.371451 0.340335
0.371984 0.340778
0.372518 0.341221
0.373052 0.341664
0.373585 0.342107
0.374119 0.342549
0.374653 0.342992
0.375187 0.343434
0.37572 0.343876
0.376254 0.344319
0.376788 0.344761
0.377321 0.345202
0.377855 0.345644
0.378389 0.346086
0.378922 0.346527
0.379456 0.346969
0.37999 0.34741
0.380523 0.347851
0.381057 0.348292
0.381591 0.348733
0.382125 0.349173
0.382658 0.349614
0.383192 0.350054
0.383726 0.350494
0.384259 0.350935
0.384793 0.351375
0.385327 0.351815
0.38586 0.352254
0.386394 0.352694
0.386928 0.353133
0.387461 0.353573
0.387995 0.354012
0.388529 0.354451
0.389063 0.35489
0.389596 0.355329
0.39013 0.355768
0.390664 0.356206
0.391197 0.356645
0.391731 0.357083
0.392265 0.357521
0.392798 0.357959
0.393332 0.358397
0.393866 0.358835
0.394399 0.359273
0.394933 0.35971
0.395467 0.360148
0.396001 0.360585
0.396534 0.361022
0.397068 0.361459
0.397602 0.361896
0.398135 0.362333
0.398669 0.362769
0.399203 0.363206
0.399736 0.363642
0.40027 0.364079
0.400804 0.364515
0.401337 0.364951
0.401871 0.365387
0.402405 0.365822
0.402939 0.366258
0.403472 0.366693
0.404006 0.367129
0.40454 0.367564
0.405073 0.367999
0.405607 0.368434
0.406141 0.368869
0.406674 0.369303
0.407208 0.369738
0.407742 0.370172
0.408275 0.370607
0.408809 0.371041
0.409343 0.371475
0.409877 0.371909
0.41041 0.372342
0.410944 0.372776
0.411478 0.37321
0.412011 0.373643
0.412545 0.374076
0.413079 0.374509
0.413612 0.374942
0.414146 0.375375
0.41468 0.375808
0.415214 0.37624
0.415747 0.376673
0.416281 0.377105
0.416815 0.377538
0.417348 0.37797
0.417882 0.378402
0.418416 0.378833
0.418949 0.379265
0.419483 0.379697
0.420017 0.380128
0.42055 0.380559
0.421084 0.380991
0.421618 0.381422
0.422152 0.381852
0.422685 0.382283
0.423219 0.382714
0.423753 0.383144
0.424286 0.383575
0.42482 0.384005
0.425354 0.384435
0.425887 0.384865
0.426421 0.385295
0.426955 0.385725
0.427488 0.386155
0.428022 0.386584
0.428556 0.387013
0.42909 0.387443
0.429623 0.387872
0.430157 0.388301
0.430691 0.38873
0.431224 0.389158
0.431758 0.389587
0.432292 0.390015
0.432825 0.390444
0.433359 0.390872
0.433893 0.3913
0.434426 0.391728
0.43496 0.392156
0.435494 0.392583
0.436028 0.393011
0.436561 0.393438
0.437095 0.393866
0.437629 0.394293
0.438162 0.39472
0.438696 0.395147
0.43923 0.395574
0.439763 0.396
0.440297 0.396427
0.440831 0.396853
0.441364 0.397279
0.441898 0.397705
0.442432 0.398131
0.442966 0.398557
0.443499 0.398983
0.444033 0.399409
0.444567 0.399834
0.4451 0.40026
0.445634 0.400685
0.446168 0.40111
0.446701 0.401535
0.447235 0.40196
0.447769 0.402385
0.448303 0.402809
0.448836 0.403234
0.44937 0.403658
0.449904 0.404082
0.450437 0.404506
0.450971 0.40493
0.451505 0.405354
0.452038 0.405778
0.452572 0.406201
0.453106 0.406625
0.453639 0.407048
0.454173 0.407471
0.454707 0.407894
0.455241 0.408317
0.455774 0.40874
0.456308 0.409163
0.456842 0.409585
0.457375 0.410008
0.457909 0.41043
0.458443 0.410852
0.458976 0.411274
0.45951 0.411696
0.460044 0.412118
0.460577 0.412539
0.461111 0.412961
0.461645 0.413382
0.462179 0.413804
0.462712 0.414225
0.463246 0.414646
0.46378 0.415067
0.464313 0.415487
0.464847 0.415908
0.465381 0.416328
0.465914 0.416749
0.466448 0.417169
0.466982 0.417589
0.467515 0.418009
0.468049 0.418429
0.468583 0.418849
0.469117 0.419268
0.46965 0.419688
0.470184 0.420107
0.470718 0.420526
0.471251 0.420945
0.471785 0.421364
0.472319 0.421783
0.472852 0.422202
0.473386 0.422621
0.47392 0.423039
0.474453 0.423457
0.474987 0.423876
0.475521 0.424294
0.476055 0.424712
0.476588 0.425129
0.477122 0.425547
0.477656 0.425965
0.478189 0.426382
0.478723 0.426799
0.479257 0.427217
0.47979 0.427634
0.480324 0.42805
0.480858 0.428467
0.481392 0.428884
0.481925 0.429301
0.482459 0.429717
0.482993 0.430133
0.483526 0.430549
0.48406 0.430965
0.484594 0.431381
0.485127 0.431797
0.485661 0.432213
0.486195 0.432628
0.486728 0.433044
0.487262 0.433459
0.487796 0.433874
0.48833 0.434289
0.488863 0.434704
0.489397 0.435119
0.489931 0.435533
0.490464 0.435948
0.490998 0.436362
0.491532 0.436777
0.492065 0.437191
0.492599 0.437605
0.493133 0.438019
0.493666 0.438432
0.4942 0.438846
0.494734 0.43926
0.495268 0.439673
0.495801 0.440086
0.496335 0.440499
0.496869 0.440912
0.497402 0.441325
0.497936 0.441738
0.49847 0.442151
0.499003 0.442563
0.499537 0.442975
0.500071 0.443388
0.500604 0.4438
0.501138 0.444212
0.501672 0.444624
0.502206 0.445035
0.502739 0.445447
0.503273 0.445858
0.503807 0.44627
0.50434 0.446681
0.504874 0.447092
0.505408 0.447503
0.505941 0.447914
0.506475 0.448325
0.507009 0.448735
0.507542 0.449146
0.508076 0.449556
0.50861 0.449966
0.509144 0.450377
0.509677 0.450786
0.510211 0.451196
0.510745 0.451606
0.511278 0.452016
0.511812 0.452425
0.512346 0.452834
0.512879 0.453244
0.513413 0.453653
0.513947 0.454062
0.51448 0.454471
0.515014 0.454879
0.515548 0.455288
0.516082 0.455696
0.516615 0.456105
0.517149 0.456513
0.517683 0.456921
0.518216 0.457329
0.51875 0.457737
0.519284 0.458145
0.519817 0.458552
0.520351 0.45896
0.520885 0.459367
0.521419 0.459774
0.521952 0.460181
0.522486 0.460588
0.52302 0.460995
0.523553 0.461402
0.524087 0.461808
0.524621 0.462215
0.525154 0.462621
0.525688 0.463027
0.526222 0.463434
0.526755 0.46384
0.527289 0.464245
0.527823 0.464651
0.528357 0.465057
0.52889 0.465462
0.529424 0.465867
0.529958 0.466273
0.530491 0.466678
0.531025 0.467083
0.531559 0.467488
0.532092 0.467892
0.532626 0.468297
0.53316 0.468701
0.533693 0.469106
0.534227 0.46951
0.534761 0.469914
0.535295 0.470318
0.535828 0.470722
0.536362 0.471126
0.536896 0.471529
0.537429 0.471933
0.537963 0.472336
0.538497 0.472739
0.53903 0.473142
0.539564 0.473545
0.540098 0.473948
0.540631 0.474351
0.541165 0.474754
0.541699 0.475156
0.542233 0.475558
0.542766 0.475961
0.5433 0.476363
0.543834 0.476765
0.544367 0.477167
0.544901 0.477568
0.545435 0.47797
0.545968 0.478372
0.546502 0.478773
0.547036 0.479174
0.547569 0.479575
0.548103 0.479976
0.548637 0.480377
0.549171 0.480778
0.549704 0.481178
0.550238 0.481579
0.550772 0.481979
0.551305 0.48238
0.551839 0.48278
0.552373 0.48318
0.552906 0.48358
0.55344 0.483979
0.553974 0.484379
0.554508 0.484779
0.555041 0.485178
0.555575 0.485577
0.556109 0.485976
0.556642 0.486375
0.557176 0.486774
0.55771 0.487173
0.558243 0.487572
0.558777 0.48797
0.559311 0.488369
0.559844 0.488767
0.560378 0.489165
0.560912 0.489563
0.561446 0.489961
0.561979 0.490359
0.562513 0.490757
0.563047 0.491154
0.56358 0.491552
0.564114 0.491949
0.564648 0.492346
0.565181 0.492743
0.565715 0.49314
0.566249 0.493537
0.566782 0.493934
0.567316 0.49433
0.56785 0.494727
0.568384 0.495123
0.568917 0.495519
0.569451 0.495915
0.569985 0.496311
0.570518 0.496707
0.571052 0.497103
0.571586 0.497498
0.572119 0.497894
0.572653 0.498289
0.573187 0.498684
0.57372 0.499079
0.574254 0.499474
0.574788 0.499869
0.575322 0.500264
0.575855 0.500659
0.576389 0.501053
0.576923 0.501447
0.577456 0.501842
0.57799 0.502236
0.578524 0.50263
0.579057 0.503024
0.579591 0.503417
0.580125 0.503811
0.580658 0.504205
0.581192 0.504598
0.581726 0.504991
0.58226 0.505384
0.582793 0.505777
0.583327 0.50617
0.583861 0.506563
0.584394 0.506956
0.584928 0.507348
0.585462 0.507741
0.585995 0.508133
0.586529 0.508525
0.587063 0.508917
0.587597 0.509309
0.58813 0.509701
0.588664 0.510093
0.589198 0.510484
0.589731 0.510876
0.590265 0.511267
0.590799 0.511658
0.591332 0.512049
0.591866 0.51244
0.5924 0.512831
0.592933 0.513222
0.593467 0.513612
0.594001 0.514003
0.594535 0.514393
0.595068 0.514783
0.595602 0.515173
0.596136 0.515563
0.596669 0.515953
0.597203 0.516343
0.597737 0.516733
0.59827 0.517122
0.598804 0.517512
0.599338 0.517901
0.599871 0.51829
0.600405 0.518679
0.600939 0.519068
0.601473 0.519457
0.602006 0.519845
0.60254 0.520234
0.603074 0.520622
0.603607 0.521011
0.604141 0.521399
0.604675 0.521787
0.605208 0.522175
0.605742 0.522563
0.606276 0.52295
0.606809 0.523338
0.607343 0.523725
0.607877 0.524113
0.608411 0.5245
0.608944 0.524887
0.609478 0.525274
0.610012 0.525661
0.610545 0.526048
0.611079 0.526434
0.611613 0.526821
0.612146 0.527207
0.61268 0.527593
0.613214 0.52798
0.613747 0.528366
0.614281 0.528751
0.614815 0.529137
0.615349 0.529523
0.615882 0.529908
0.616416 0.530294
0.61695 0.530679
0.617483 0.531064
0.618017 0.531449
0.618551 0.531834
0.619084 0.532219
0.619618 0.532604
0.620152 0.532988
0.620685 0.533373
0.621219 0.533757
0.621753 0.534141
0.622287 0.534526
0.62282 0.53491
0.623354 0.535293
0.623888 0.535677
0.624421 0.536061
0.624955 0.536444
0.625489 0.536828
0.626022 0.537211
0.626556 0.537594
0.62709 0.537977
0.627624 0.53836
0.628157 0.538743
0.628691 0.539126
0.629225 0.539508
0.629758 0.539891
0.630292 0.540273
0.630826 0.540655
0.631359 0.541037
0.631893 0.541419
0.632427 0.541801
0.63296 0.542183
0.633494 0.542564
0.634028 0.542946
0.634562 0.543327
0.635095 0.543708
0.635629 0.54409
0.636163 0.544471
0.636696 0.544851
0.63723 0.545232
0.637764 0.545613
0.638297 0.545993
0.638831 0.546374
0.639365 0.546754
0.639898 0.547134
0.640432 0.547514
0.640966 0.547894
0.6415 0.548274
0.642033 0.548654
0.642567 0.549033
0.643101 0.549413
0.643634 0.549792
0.644168 0.550172
0.644702 0.550551
0.645235 0.55093
0.645769 0.551309
0.646303 0.551687
0.646836 0.552066
0.64737 0.552444
0.647904 0.552823
0.648438 0.553201
0.648971 0.553579
0.649505 0.553957
0.650039 0.554335
0.650572 0.554713
0.651106 0.555091
0.65164 0.555469
0.652173 0.555846
0.652707 0.556223
0.653241 0.556601
0.653774 0.556978
0.654308 0.557355
0.654842 0.557732
0.655376 0.558108
0.655909 0.558485
0.656443 0.558862
0.656977 0.559238
0.65751 0.559614
0.658044 0.55999
0.658578 0.560367
0.659111 0.560742
0.659645 0.561118
0.660179 0.561494
0.660713 0.56187
0.661246 0.562245
0.66178 0.56262
0.662314 0.562996
0.662847 0.563371
0.663381 0.563746
0.663915 0.564121
0.664448 0.564496
0.664982 0.56487
0.665516 0.565245
0.666049 0.565619
0.666583 0.565993
0.667117 0.566368
0.667651 0.566742
0.668184 0.567116
0.668718 0.56749
0.669252 0.567863
0.669785 0.568237
0.670319 0.56861
0.670853 0.568984
0.671386 0.569357
0.67192 0.56973
0.672454 0.570103
0.672987 0.570476
0.673521 0.570849
0.674055 0.571222
0.674589 0.571594
0.675122 0.571967
0.675656 0.572339
0.67619 0.572711
0.676723 0.573083
0.677257 0.573455
0.677791 0.573827
0.678324 0.574199
0.678858 0.574571
0.679392 0.574942
0.679925 0.575314
0.680459 0.575685
0.680993 0.576056
0.681527 0.576427
0.68206 0.576798
0.682594 0.577169
0.683128 0.57754
0.683661 0.57791
0.684195 0.578281
0.684729 0.578651
0.685262 0.579021
0.685796 0.579391
0.68633 0.579761
0.686863 0.580131
0.687397 0.580501
0.687931 0.580871
0.688465 0.58124
0.688998 0.58161
0.689532 0.581979
0.690066 0.582348
0.690599 0.582718
0.691133 0.583086
0.691667 0.583455
0.6922 0.583824
0.692734 0.584193
0.693268 0.584561
0.693802 0.58493
0.694335 0.585298
0.694869 0.585666
0.695403 0.586034
0.695936 0.586402
0.69647 0.58677
0.697004 0.587138
0.697537 0.587505
0.698071 0.587873
0.698605 0.58824
0.699138 0.588608
0.699672 0.588975
0.700206 0.589342
0.70074 0.589709
0.701273 0.590075
0.701807 0.590442
0.702341 0.590809
0.702874 0.591175
0.703408 0.591542
0.703942 0.591908
0.704475 0.592274
0.705009 0.59264
0.705543 0.593006
0.706076 0.593372
0.70661 0.593737
0.707144 0.594103
0.707678 0.594468
0.708211 0.594834
0.708745 0.595199
0.709279 0.595564
0.709812 0.595929
0.710346 0.596294
0.71088 0.596659
0.711413 0.597023
0.711947 0.597388
0.712481 0.597752
0.713014 0.598116
0.713548 0.598481
0.714082 0.598845
0.714616 0.599209
0.715149 0.599573
0.715683 0.599936
0.716217 0.6003
0.71675 0.600663
0.717284 0.601027
0.717818 0.60139
0.718351 0.601753
0.718885 0.602116
0.719419 0.602479
0.719952 0.602842
0.720486 0.603205
0.72102 0.603567
0.721554 0.60393
0.722087 0.604292
0.722621 0.604655
0.723155 0.605017
0.723688 0.605379
0.724222 0.605741
0.724756 0.606102
0.725289 0.606464
0.725823 0.606826
0.726357 0.607187
0.72689 0.607549
0.727424 0.60791
0.727958 0.608271
0.728492 0.608632
0.729025 0.608993
0.729559 0.609354
0.730093 0.609714
0.730626 0.610075
0.73116 0.610435
0.731694 0.610796
0.732227 0.611156
0.732761 0.611516
0.733295 0.611876
0.733829 0.612236
0.734362 0.612596
0.734896 0.612956
0.73543 0.613315
0.735963 0.613675
0.736497 0.614034
0.737031 0.614393
0.737564 0.614752
0.738098 0.615111
0.738632 0.61547
0.739165 0.615829
0.739699 0.616188
0.740233 0.616546
0.740767 0.616905
0.7413 0.617263
0.741834 0.617621
0.742368 0.617979
0.742901 0.618337
0.743435 0.618695
0.743969 0.619053
0.744502 0.619411
0.745036 0.619768
0.74557 0.620126
0.746103 0.620483
0.746637 0.62084
0.747171 0.621197
0.747705 0.621554
0.748238 0.621911
0.748772 0.622268
0.749306 0.622625
0.749839 0.622981
0.750373 0.623338
0.750907 0.623694
0.75144 0.62405
0.751974 0.624406
0.752508 0.624762
0.753041 0.625118
0.753575 0.625474
0.754109 0.62583
0.754643 0.626185
0.755176 0.626541
0.75571 0.626896
0.756244 0.627251
0.756777 0.627606
0.757311 0.627961
0.757845 0.628316
0.758378 0.628671
0.758912 0.629026
0.759446 0.62938
0.759979 0.629735
0.760513 0.630089
0.761047 0.630443
0.761581 0.630797
0.762114 0.631151
0.762648 0.631505
0.763182 0.631859
0.763715 0.632213
0.764249 0.632566
0.764783 0.63292
0.765316 0.633273
0.76585 0.633626
0.766384 0.63398
0.766918 0.634333
0.767451 0.634685
0.767985 0.635038
0.768519 0.635391
0.769052 0.635744
0.769586 0.636096
0.77012 0.636448
0.770653 0.636801
0.771187 0.637153
0.771721 0.637505
0.772254 0.637857
0.772788 0.638209
0.773322 0.63856
0.773856 0.638912
0.774389 0.639263
0.774923 0.639615
0.775457 0.639966
0.77599 0.640317
0.776524 0.640668
0.777058 0.641019
0.777591 0.64137
0.778125 0.641721
0.778659 0.642071
0.779192 0.642422
0.779726 0.642772
0.78026 0.643122
0.780794 0.643473
0.781327 0.643823
0.781861 0.644173
0.782395 0.644522
0.782928 0.644872
0.783462 0.645222
0.783996 0.645571
0.784529 0.645921
0.785063 0.64627
0.785597 0.646619
0.78613 0.646968
0.786664 0.647317
0.787198 0.647666
0.787732 0.648015
0.788265 0.648364
0.788799 0.648712
0.789333 0.649061
0.789866 0.649409
0.7904 0.649757
0.790934 0.650105
0.791467 0.650453
0.792001 0.650801
0.792535 0.651149
0.793068 0.651497
0.793602 0.651844
0.794136 0.652192
0.79467 0.652539
0.795203 0.652886
0.795737 0.653233
0.796271 0.65358
0.796804 0.653927
0.797338 0.654274
0.797872 0.654621
0.798405 0.654967
0.798939 0.655314
0.799473 0.65566
0.800007 0.656007
0.80054 0.656353
0.801074 0.656699
0.801608 0.657045
0.802141 0.657391
0.802675 0.657736
0.803209 0.658082
0.803742 0.658428
0.804276 0.658773
0.80481 0.659118
0.805343 0.659463
0.805877 0.659809
0.806411 0.660154
0.806945 0.660498
0.807478 0.660843
0.808012 0.661188
0.808546 0.661532
0.809079 0.661877
0.809613 0.662221
0.810147 0.662565
0.81068 0.66291
0.811214 0.663254
0.811748 0.663598
0.812281 0.663941
0.812815 0.664285
0.813349 0.664629
0.813883 0.664972
0.814416 0.665315
0.81495 0.665659
0.815484 0.666002
0.816017 0.666345
0.816551 0.666688
0.817085 0.667031
0.817618 0.667374
0.818152 0.667716
0.818686 0.668059
0.819219 0.668401
0.819753 0.668743
0.820287 0.669086
0.820821 0.669428
0.821354 0.66977
0.821888 0.670112
0.822422 0.670453
0.822955 0.670795
0.823489 0.671137
0.824023 0.671478
0.824556 0.67182
0.82509 0.672161
0.825624 0.672502
0.826157 0.672843
0.826691 0.673184
0.827225 0.673525
0.827759 0.673865
0.828292 0.674206
0.828826 0.674547
0.82936 0.674887
0.829893 0.675227
0.830427 0.675568
0.830961 0.675908
0.831494 0.676248
0.832028 0.676587
0.832562 0.676927
0.833095 0.677267
0.833629 0.677606
0.834163 0.677946
0.834697 0.678285
0.83523 0.678625
0.835764 0.678964
0.836298 0.679303
0.836831 0.679642
0.837365 0.679981
0.837899 0.680319
0.838432 0.680658
0.838966 0.680996
0.8395 0.681335
0.840034 0.681673
0.840567 0.682011
0.841101 0.682349
0.841635 0.682687
0.842168 0.683025
0.842702 0.683363
0.843236 0.683701
0.843769 0.684038
0.844303 0.684376
0.844837 0.684713
0.84537 0.68505
0.845904 0.685388
0.846438 0.685725
0.846972 0.686062
0.847505 0.686398
0.848039 0.686735
0.848573 0.687072
0.849106 0.687408
0.84964 0.687745
0.850174 0.688081
0.850707 0.688417
0.851241 0.688753
0.851775 0.689089
0.852308 0.689425
0.852842 0.689761
0.853376 0.690097
0.85391 0.690432
0.854443 0.690768
0.854977 0.691103
0.855511 0.691438
0.856044 0.691774
0.856578 0.692109
0.857112 0.692444
0.857645 0.692779
0.858179 0.693113
0.858713 0.693448
0.859246 0.693782
0.85978 0.694117
0.860314 0.694451
0.860848 0.694786
0.861381 0.69512
0.861915 0.695454
0.862449 0.695788
0.862982 0.696121
0.863516 0.696455
0.86405 0.696789
0.864583 0.697122
0.865117 0.697456
0.865651 0.697789
0.866184 0.698122
0.866718 0.698455
0.867252 0.698788
0.867786 0.699121
0.868319 0.699454
0.868853 0.699787
0.869387 0.700119
0.86992 0.700452
0.870454 0.700784
0.870988 0.701116
0.871521 0.701449
0.872055 0.701781
0.872589 0.702113
0.873123 0.702445
0.873656 0.702776
0.87419 0.703108
0.874724 0.70344
0.875257 0.703771
0.875791 0.704102
0.876325 0.704434
0.876858 0.704765
0.877392 0.705096
0.877926 0.705427
0.878459 0.705758
0.878993 0.706088
0.879527 0.706419
0.880061 0.70675
0.880594 0.70708
0.881128 0.70741
0.881662 0.707741
0.882195 0.708071
0.882729 0.708401
0.883263 0.708731
0.883796 0.70906
0.88433 0.70939
0.884864 0.70972
0.885397 0.710049
0.885931 0.710379
0.886465 0.710708
0.886999 0.711037
0.887532 0.711366
0.888066 0.711695
0.8886 0.712024
0.889133 0.712353
0.889667 0.712682
0.890201 0.71301
0.890734 0.713339
0.891268 0.713667
0.891802 0.713996
0.892335 0.714324
0.892869 0.714652
0.893403 0.71498
0.893937 0.715308
0.89447 0.715636
0.895004 0.715963
0.895538 0.716291
0.896071 0.716618
0.896605 0.716946
0.897139 0.717273
0.897672 0.7176
0.898206 0.717927
0.89874 0.718254
0.899273 0.718581
0.899807 0.718908
0.900341 0.719235
0.900875 0.719561
0.901408 0.719888
0.901942 0.720214
0.902476 0.72054
0.903009 0.720867
0.903543 0.721193
0.904077 0.721519
0.90461 0.721845
0.905144 0.72217
0.905678 0.722496
0.906211 0.722822
0.906745 0.723147
0.907279 0.723472
0.907813 0.723798
0.908346 0.724123
0.90888 0.724448
0.909414 0.724773
0.909947 0.725098
0.910481 0.725423
0.911015 0.725747
0.911548 0.726072
0.912082 0.726396
0.912616 0.726721
0.91315 0.727045
0.913683 0.727369
0.914217 0.727693
0.914751 0.728017
0.915284 0.728341
0.915818 0.728665
0.916352 0.728989
0.916885 0.729312
0.917419 0.729636
0.917953 0.729959
0.918486 0.730282
0.91902 0.730606
0.919554 0.730929
0.920088 0.731252
0.920621 0.731574
0.921155 0.731897
0.921689 0.73222
0.922222 0.732543
0.922756 0.732865
0.92329 0.733187
0.923823 0.73351
0.924357 0.733832
0.924891 0.734154
0.925424 0.734476
0.925958 0.734798
0.926492 0.73512
0.927026 0.735441
0.927559 0.735763
0.928093 0.736084
0.928627 0.736406
0.92916 0.736727
0.929694 0.737048
0.930228 0.737369
0.930761 0.73769
0.931295 0.738011
0.931829 0.738332
0.932362 0.738653
0.932896 0.738973
0.93343 0.739294
0.933964 0.739614
0.934497 0.739935
0.935031 0.740255
0.935565 0.740575
0.936098 0.740895
0.936632 0.741215
0.937166 0.741535
0.937699 0.741854
0.938233 0.742174
0.938767 0.742494
0.9393 0.742813
0.939834 0.743132
0.940368 0.743452
0.940902 0.743771
0.941435 0.74409
0.941969 0.744409
0.942503 0.744728
0.943036 0.745046
0.94357 0.745365
0.944104 0.745683
0.944637 0.746002
0.945171 0.74632
0.945705 0.746639
0.946239 0.746957
0.946772 0.747275
0.947306 0.747593
0.94784 0.747911
0.948373 0.748228
0.948907 0.748546
0.949441 0.748864
0.949974 0.749181
0.950508 0.749498
0.951042 0.749816
0.951575 0.750133
0.952109 0.75045
0.952643 0.750767
0.953177 0.751084
0.95371 0.751401
0.954244 0.751717
0.954778 0.752034
0.955311 0.75235
0.955845 0.752667
0.956379 0.752983
0.956912 0.753299
0.957446 0.753615
0.95798 0.753931
0.958513 0.754247
0.959047 0.754563
0.959581 0.754879
0.960115 0.755195
0.960648 0.75551
0.961182 0.755826
0.961716 0.756141
0.962249 0.756456
0.962783 0.756771
0.963317 0.757086
0.96385 0.757401
0.964384 0.757716
0.964918 0.758031
0.965451 0.758346
0.965985 0.75866
0.966519 0.758975
0.967053 0.759289
0.967586 0.759603
0.96812 0.759917
0.968654 0.760231
0.969187 0.760545
0.969721 0.760859
0.970255 0.761173
0.970788 0.761487
0.971322 0.7618
0.971856 0.762114
0.972389 0.762427
0.972923 0.762741
0.973457 0.763054
0.973991 0.763367
0.974524 0.76368
0.975058 0.763993
0.975592 0.764306
0.976125 0.764619
0.976659 0.764931
0.977193 0.765244
0.977726 0.765556
0.97826 0.765869
0.978794 0.766181
0.979328 0.766493
0.979861 0.766805
0.980395 0.767117
0.980929 0.767429
0.981462 0.767741
0.981996 0.768053
0.98253 0.768364
0.983063 0.768676
0.983597 0.768987
0.984131 0.769298
0.984664 0.76961
0.985198 0.769921
0.985732 0.770232
0.986266 0.770543
0.986799 0.770854
0.987333 0.771164
0.987867 0.771475
0.9884 0.771785
0.988934 0.772096
0.989468 0.772406
0.990001 0.772717
0.990535 0.773027
0.991069 0.773337
0.991602 0.773647
0.992136 0.773957
0.99267 0.774267
0.993204 0.774576
0.993737 0.774886
0.994271 0.775195
0.994805 0.775505
0.995338 0.775814
0.995872 0.776123
0.996406 0.776432
0.996939 0.776742
0.997473 0.77705
0.998007 0.777359
0.99854 0.777668
0.999074 0.777977
0.999608 0.778285
1.00014 0.778594
1.00068 0.778902
1.00121 0.77921
1.00174 0.779519
1.00228 0.779827
1.00281 0.780135
1.00334 0.780443
1.00388 0.780751
1.00441 0.781058
1.00494 0.781366
1.00548 0.781673
1.00601 0.781981
1.00655 0.782288
1.00708 0.782596
1.00761 0.782903
1.00815 0.78321
1.00868 0.783517
1.00921 0.783824
1.00975 0.78413
1.01028 0.784437
1.01082 0.784744
1.01135 0.78505
1.01188 0.785357
1.01242 0.785663
1.01295 0.785969
1.01348 0.786275
1.01402 0.786581
1.01455 0.786887
1.01508 0.787193
1.01562 0.787499
1.01615 0.787805
1.01669 0.78811
1.01722 0.788416
1.01775 0.788721
1.01829 0.789026
1.01882 0.789332
1.01935 0.789637
1.01989 0.789942
1.02042 0.790247
1.02096 0.790552
1.02149 0.790856
1.02202 0.791161
1.02256 0.791466
1.02309 0.79177
1.02362 0.792074
1.02416 0.792379
1.02469 0.792683
1.02523 0.792987
1.02576 0.793291
1.02629 0.793595
1.02683 0.793899
1.02736 0.794202
1.02789 0.794506
1.02843 0.79481
1.02896 0.795113
1.02949 0.795417
1.03003 0.79572
1.03056 0.796023
1.0311 0.796326
1.03163 0.796629
1.03216 0.796932
1.0327 0.797235
1.03323 0.797537
1.03376 0.79784
1.0343 0.798143
1.03483 0.798445
1.03537 0.798747
1.0359 0.79905
1.03643 0.799352
1.03697 0.799654
1.0375 0.799956
1.03803 0.800258
1.03857 0.80056
1.0391 0.800861
1.03963 0.801163
1.04017 0.801465
1.0407 0.801766
1.04124 0.802067
1.04177 0.802369
1.0423 0.80267
1.04284 0.802971
1.04337 0.803272
1.0439 0.803573
1.04444 0.803874
1.04497 0.804174
1.04551 0.804475
1.04604 0.804775
1.04657 0.805076
1.04711 0.805376
1.04764 0.805676
1.04817 0.805977
1.04871 0.806277
1.04924 0.806577
1.04978 0.806877
1.05031 0.807176
1.05084 0.807476
1.05138 0.807776
1.05191 0.808075
1.05244 0.808375
1.05298 0.808674
1.05351 0.808973
1.05404 0.809272
1.05458 0.809571
1.05511 0.80987
1.05565 0.810169
1.05618 0.810468
1.05671 0.810767
1.05725 0.811066
1.05778 0.811364
1.05831 0.811663
1.05885 0.811961
1.05938 0.812259
1.05992 0.812557
1.06045 0.812855
1.06098 0.813153
1.06152 0.813451
1.06205 0.813749
1.06258 0.814047
1.06312 0.814344
1.06365 0.814642
1.06418 0.814939
1.06472 0.815237
1.06525 0.815534
1.06579 0.815831
1.06632 0.816128
1.06685 0.816425
1.06739 0.816722
1.06792 0.817019
1.06845 0.817316
1.06899 0.817613
1.06952 0.817909
1.07006 0.818206
1.07059 0.818502
1.07112 0.818798
1.07166 0.819095
1.07219 0.819391
1.07272 0.819687
1.07326 0.819983
1.07379 0.820278
1.07432 0.820574
1.07486 0.82087
1.07539 0.821165
1.07593 0.821461
1.07646 0.821756
1.07699 0.822052
1.07753 0.822347
1.07806 0.822642
1.07859 0.822937
1.07913 0.823232
1.07966 0.823527
1.0802 0.823822
1.08073 0.824116
1.08126 0.824411
1.0818 0.824705
1.08233 0.825
1.08286 0.825294
1.0834 0.825588
1.08393 0.825883
1.08447 0.826177
1.085 0.826471
1.08553 0.826765
1.08607 0.827058
1.0866 0.827352
1.08713 0.827646
1.08767 0.827939
1.0882 0.828233
1.08873 0.828526
1.08927 0.828819
1.0898 0.829113
1.09034 0.829406
1.09087 0.829699
1.0914 0.829992
1.09194 0.830284
1.09247 0.830577
1.093 0.83087
1.09354 0.831162
1.09407 0.831455
1.09461 0.831747
1.09514 0.83204
1.09567 0.832332
1.09621 0.832624
1.09674 0.832916
1.09727 0.833208
1.09781 0.8335
1.09834 0.833792
1.09887 0.834083
1.09941 0.834375
1.09994 0.834667
1.10048 0.834958
1.10101 0.835249
1.10154 0.835541
1.10208 0.835832
1.10261 0.836123
1.10314 0.836414
1.10368 0.836705
1.10421 0.836996
1.10475 0.837286
1.10528 0.837577
1.10581 0.837868
1.10635 0.838158
1.10688 0.838448
1.10741 0.838739
1.10795 0.839029
1.10848 0.839319
1.10902 0.839609
1.10955 0.839899
1.11008 0.840189
1.11062 0.840479
1.11115 0.840768
1.11168 0.841058
1.11222 0.841347
1.11275 0.841637
1.11328 0.841926
1.11382 0.842216
1.11435 0.842505
1.11489 0.842794
1.11542 0.843083
1.11595 0.843372
1.11649 0.843661
1.11702 0.843949
1.11755 0.844238
1.11809 0.844527
1.11862 0.844815
1.11916 0.845103
1.11969 0.845392
1.12022 0.84568
1.12076 0.845968
1.12129 0.846256
1.12182 0.846544
1.12236 0.846832
1.12289 0.84712
1.12342 0.847407
1.12396 0.847695
1.12449 0.847983
1.12503 0.84827
1.12556 0.848557
1.12609 0.848845
1.12663 0.849132
1.12716 0.849419
1.12769 0.849706
1.12823 0.849993
1.12876 0.85028
1.1293 0.850567
1.12983 0.850853
1.13036 0.85114
1.1309 0.851426
1.13143 0.851713
1.13196 0.851999
1.1325 0.852285
1.13303 0.852572
1.13356 0.852858
1.1341 0.853144
1.13463 0.85343
1.13517 0.853715
1.1357 0.854001
1.13623 0.854287
1.13677 0.854572
1.1373 0.854858
1.13783 0.855143
1.13837 0.855429
1.1389 0.855714
1.13944 0.855999
1.13997 0.856284
1.1405 0.856569
1.14104 0.856854
1.14157 0.857139
1.1421 0.857423
1.14264 0.857708
1.14317 0.857993
1.14371 0.858277
1.14424 0.858561
1.14477 0.858846
1.14531 0.85913
1.14584 0.859414
1.14637 0.859698
1.14691 0.859982
1.14744 0.860266
1.14797 0.86055
1.14851 0.860833
1.14904 0.861117
1.14958 0.861401
1.15011 0.861684
1.15064 0.861967
1.15118 0.862251
1.15171 0.862534
1.15224 0.862817
1.15278 0.8631
1.15331 0.863383
1.15385 0.863666
1.15438 0.863949
1.15491 0.864231
1.15545 0.864514
1.15598 0.864797
1.15651 0.865079
1.15705 0.865361
1.15758 0.865644
1.15811 0.865926
1.15865 0.866208
1.15918 0.86649
1.15972 0.866772
1.16025 0.867054
1.16078 0.867336
1.16132 0.867617
1.16185 0.867899
1.16238 0.86818
1.16292 0.868462
1.16345 0.868743
1.16399 0.869024
1.16452 0.869306
1.16505 0.869587
1.16559 0.869868
1.16612 0.870149
1.16665 0.87043
1.16719 0.87071
1.16772 0.870991
1.16825 0.871272
1.16879 0.871552
1.16932 0.871833
1.16986 0.872113
1.17039 0.872393
1.17092 0.872673
1.17146 0.872954
1.17199 0.873234
1.17252 0.873514
1.17306 0.873793
1.17359 0.874073
1.17413 0.874353
1.17466 0.874632
1.17519 0.874912
1.17573 0.875191
1.17626 0.875471
1.17679 0.87575
1.17733 0.876029
1.17786 0.876308
1.1784 0.876587
1.17893 0.876866
1.17946 0.877145
1.18 0.877424
1.18053 0.877703
1.18106 0.877981
1.1816 0.87826
1.18213 0.878538
1.18266 0.878817
1.1832 0.879095
1.18373 0.879373
1.18427 0.879651
1.1848 0.879929
1.18533 0.880207
1.18587 0.880485
1.1864 0.880763
1.18693 0.881041
1.18747 0.881318
1.188 0.881596
1.18854 0.881873
1.18907 0.882151
1.1896 0.882428
1.19014 0.882705
1.19067 0.882983
1.1912 0.88326
1.19174 0.883537
1.19227 0.883814
1.1928 0.88409
1.19334 0.884367
1.19387 0.884644
1.19441 0.88492
1.19494 0.885197
1.19547 0.885473
1.19601 0.88575
1.19654 0.886026
1.19707 0.886302
1.19761 0.886578
1.19814 0.886854
1.19868 0.88713
1.19921 0.887406
1.19974 0.887682
1.20028 0.887957
1.20081 0.888233
1.20134 0.888508
1.20188 0.888784
1.20241 0.889059
1.20295 0.889334
1.20348 0.88961
1.20401 0.889885
1.20455 0.89016
1.20508 0.890435
1.20561 0.89071
1.20615 0.890984
1.20668 0.891259
1.20721 0.891534
1.20775 0.891808
1.20828 0.892083
1.20882 0.892357
1.20935 0.892631
1.20988 0.892906
1.21042 0.89318
1.21095 0.893454
1.21148 0.893728
1.21202 0.894002
1.21255 0.894276
1.21309 0.894549
1.21362 0.894823
1.21415 0.895097
1.21469 0.89537
1.21522 0.895643
1.21575 0.895917
1.21629 0.89619
1.21682 0.896463
1.21735 0.896736
1.21789 0.897009
1.21842 0.897282
1.21896 0.897555
1.21949 0.897828
1.22002 0.898101
1.22056 0.898373
1.22109 0.898646
1.22162 0.898918
1.22216 0.899191
1.22269 0.899463
1.22323 0.899735
1.22376 0.900007
1.22429 0.900279
1.22483 0.900551
1.22536 0.900823
1.22589 0.901095
1.22643 0.901367
1.22696 0.901638
1.22749 0.90191
1.22803 0.902182
1.22856 0.902453
1.2291 0.902724
1.22963 0.902996
1.23016 0.903267
1.2307 0.903538
1.23123 0.903809
1.23176 0.90408
1.2323 0.904351
1.23283 0.904621
1.23337 0.904892
1.2339 0.905163
1.23443 0.905433
1.23497 0.905704
1.2355 0.905974
1.23603 0.906245
1.23657 0.906515
1.2371 0.906785
1.23764 0.907055
1.23817 0.907325
1.2387 0.907595
1.23924 0.907865
1.23977 0.908135
1.2403 0.908404
1.24084 0.908674
1.24137 0.908943
1.2419 0.909213
1.24244 0.909482
1.24297 0.909751
1.24351 0.910021
1.24404 0.91029
1.24457 0.910559
1.24511 0.910828
1.24564 0.911097
1.24617 0.911366
1.24671 0.911634
1.24724 0.911903
1.24778 0.912172
1.24831 0.91244
1.24884 0.912708
1.24938 0.912977
1.24991 0.913245
1.25044 0.913513
1.25098 0.913781
1.25151 0.914049
1.25204 0.914317
1.25258 0.914585
1.25311 0.914853
1.25365 0.915121
1.25418 0.915388
1.25471 0.915656
1.25525 0.915923
1.25578 0.916191
1.25631 0.916458
1.25685 0.916725
1.25738 0.916993
1.25792 0.91726
1.25845 0.917527
1.25898 0.917794
1.25952 0.918061
1.26005 0.918327
1.26058 0.918594
1.26112 0.918861
1.26165 0.919127
1.26219 0.919394
1.26272 0.91966
1.26325 0.919926
1.26379 0.920193
1.26432 0.920459
1.26485 0.920725
1.26539 0.920991
1.26592 0.921257
1.26645 0.921523
1.26699 0.921789
1.26752 0.922054
1.26806 0.92232
1.26859 0.922585
1.26912 0.922851
1.26966 0.923116
1.27019 0.923382
1.27072 0.923647
1.27126 0.923912
1.27179 0.924177
1.27233 0.924442
1.27286 0.924707
1.27339 0.924972
1.27393 0.925237
1.27446 0.925501
1.27499 0.925766
1.27553 0.926031
1.27606 0.926295
1.27659 0.926559
1.27713 0.926824
1.27766 0.927088
1.2782 0.927352
1.27873 0.927616
1.27926 0.92788
1.2798 0.928144
1.28033 0.928408
1.28086 0.928672
1.2814 0.928936
1.28193 0.929199
1.28247 0.929463
1.283 0.929726
1.28353 0.92999
1.28407 0.930253
1.2846 0.930516
1.28513 0.930779
1.28567 0.931043
1.2862 0.931306
1.28673 0.931569
1.28727 0.931831
1.2878 0.932094
1.28834 0.932357
1.28887 0.93262
1.2894 0.932882
1.28994 0.933145
1.29047 0.933407
1.291 0.933669
1.29154 0.933932
1.29207 0.934194
1.29261 0.934456
1.29314 0.934718
1.29367 0.93498
1.29421 0.935242
1.29474 0.935504
1.29527 0.935765
1.29581 0.936027
1.29634 0.936289
1.29688 0.93655
1.29741 0.936812
1.29794 0.937073
1.29848 0.937334
1.29901 0.937595
1.29954 0.937856
1.30008 0.938118
1.30061 0.938379
1.30114 0.938639
1.30168 0.9389
1.30221 0.939161
1.30275 0.939422
1.30328 0.939682
1.30381 0.939943
1.30435 0.940203
1.30488 0.940464
1.30541 0.940724
1.30595 0.940984
1.30648 0.941244
1.30702 0.941504
1.30755 0.941764
1.30808 0.942024
1.30862 0.942284
1.30915 0.942544
1.30968 0.942804
1.31022 0.943063
1.31075 0.943323
1.31128 0.943582
1.31182 0.943842
1.31235 0.944101
1.31289 0.94436
1.31342 0.944619
1.31395 0.944879
1.31449 0.945138
1.31502 0.945397
1.31555 0.945655
1.31609 0.945914
1.31662 0.946173
1.31716 0.946432
1.31769 0.94669
1.31822 0.946949
1.31876 0.947207
1.31929 0.947466
1.31982 0.947724
1.32036 0.947982
1.32089 0.94824
1.32143 0.948498
1.32196 0.948756
1.32249 0.949014
1.32303 0.949272
1.32356 0.94953
1.32409 0.949787
1.32463 0.950045
1.32516 0.950303
1.32569 0.95056
1.32623 0.950818
1.32676 0.951075
1.3273 0.951332
1.32783 0.951589
1.32836 0.951846
1.3289 0.952103
1.32943 0.95236
1.32996 0.952617
1.3305 0.952874
1.33103 0.953131
1.33157 0.953387
1.3321 0.953644
1.33263 0.953901
1.33317 0.954157
1.3337 0.954413
1.33423 0.95467
1.33477 0.954926
1.3353 0.955182
1.33583 0.955438
1.33637 0.955694
1.3369 0.95595
1.33744 0.956206
1.33797 0.956462
1.3385 0.956717
1.33904 0.956973
1.33957 0.957229
1.3401 0.957484
1.34064 0.95774
1.34117 0.957995
1.34171 0.95825
1.34224 0.958505
1.34277 0.95876
1.34331 0.959015
1.34384 0.95927
1.34437 0.959525
1.34491 0.95978
1.34544 0.960035
1.34597 0.96029
1.34651 0.960544
1.34704 0.960799
1.34758 0.961053
1.34811 0.961308
1.34864 0.961562
1.34918 0.961816
1.34971 0.96207
1.35024 0.962325
1.35078 0.962579
1.35131 0.962833
1.35185 0.963086
1.35238 0.96334
1.35291 0.963594
1.35345 0.963848
1.35398 0.964101
1.35451 0.964355
1.35505 0.964608
1.35558 0.964862
1.35612 0.965115
1.35665 0.965368
1.35718 0.965621
1.35772 0.965874
1.35825 0.966127
1.35878 0.96638
1.35932 0.966633
1.35985 0.966886
1.36038 0.967139
1.36092 0.967391
1.36145 0.967644
1.36199 0.967897
1.36252 0.968149
1.36305 0.968401
1.36359 0.968654
1.36412 0.968906
1.36465 0.969158
1.36519 0.96941
1.36572 0.969662
1.36626 0.969914
1.36679 0.970166
1.36732 0.970418
1.36786 0.97067
1.36839 0.970921
1.36892 0.971173
1.36946 0.971424
1.36999 0.971676
1.37052 0.971927
1.37106 0.972178
1.37159 0.97243
1.37213 0.972681
1.37266 0.972932
1.37319 0.973183
1.37373 0.973434
1.37426 0.973685
1.37479 0.973935
1.37533 0.974186
1.37586 0.974437
1.3764 0.974687
1.37693 0.974938
1.37746 0.975188
1.378 0.975439
1.37853 0.975689
1.37906 0.975939
1.3796 0.97619
1.38013 0.97644
1.38066 0.97669
1.3812 0.97694
1.38173 0.977189
1.38227 0.977439
1.3828 0.977689
1.38333 0.977939
1.38387 0.978188
1.3844 0.978438
1.38493 0.978687
1.38547 0.978937
1.386 0.979186
1.38654 0.979435
1.38707 0.979684
1.3876 0.979933
1.38814 0.980182
1.38867 0.980431
1.3892 0.98068
1.38974 0.980929
1.39027 0.981178
1.39081 0.981427
1.39134 0.981675
1.39187 0.981924
1.39241 0.982172
1.39294 0.982421
1.39347 0.982669
1.39401 0.982917
1.39454 0.983165
1.39507 0.983413
1.39561 0.983661
1.39614 0.983909
1.39668 0.984157
1.39721 0.984405
1.39774 0.984653
1.39828 0.984901
1.39881 0.985148
1.39934 0.985396
1.39988 0.985643
1.40041 0.985891
1.40095 0.986138
1.40148 0.986385
1.40201 0.986633
1.40255 0.98688
1.40308 0.987127
1.40361 0.987374
1.40415 0.987621
1.40468 0.987868
1.40521 0.988114
1.40575 0.988361
1.40628 0.988608
1.40682 0.988854
1.40735 0.989101
1.40788 0.989347
1.40842 0.989594
1.40895 0.98984
1.40948 0.990086
1.41002 0.990332
1.41055 0.990578
1.41109 0.990824
1.41162 0.99107
1.41215 0.991316
1.41269 0.991562
1.41322 0.991808
1.41375 0.992053
1.41429 0.992299
1.41482 0.992545
1.41536 0.99279
1.41589 0.993036
1.41642 0.993281
1.41696 0.993526
1.41749 0.993771
1.41802 0.994016
1.41856 0.994261
1.41909 0.994506
1.41962 0.994751
1.42016 0.994996
1.42069 0.995241
1.42123 0.995486
1.42176 0.99573
1.42229 0.995975
1.42283 0.996219
1.42336 0.996464
1.42389 0.996708
1.42443 0.996953
1.42496 0.997197
1.4255 0.997441
1.42603 0.997685
1.42656 0.997929
1.4271 0.998173
1.42763 0.998417
1.42816 0.998661
1.4287 0.998905
1.42923 0.999148
1.42976 0.999392
1.4303 0.999635
1.43083 0.999879
1.43137 1.00012
1.4319 1.00037
1.43243 1.00061
1.43297 1.00085
1.4335 1.0011
1.43403 1.00134
1.43457 1.00158
1.4351 1.00182
1.43564 1.00207
1.43617 1.00231
1.4367 1.00255
1.43724 1.0028
1.43777 1.00304
1.4383 1.00328
1.43884 1.00352
1.43937 1.00377
1.4399 1.00401
1.44044 1.00425
1.44097 1.00449
1.44151 1.00473
1.44204 1.00498
1.44257 1.00522
1.44311 1.00546
1.44364 1.0057
1.44417 1.00594
1.44471 1.00619
1.44524 1.00643
1.44578 1.00667
1.44631 1.00691
1.44684 1.00715
1.44738 1.00739
1.44791 1.00763
1.44844 1.00788
1.44898 1.00812
1.44951 1.00836
1.45005 1.0086
1.45058 1.00884
1.45111 1.00908
1.45165 1.00932
1.45218 1.00956
1.45271 1.0098
1.45325 1.01004
1.45378 1.01028
1.45431 1.01052
1.45485 1.01077
1.45538 1.01101
1.45592 1.01125
1.45645 1.01149
1.45698 1.01173
1.45752 1.01197
1.45805 1.01221
1.45858 1.01245
1.45912 1.01269
1.45965 1.01293
1.46019 1.01317
1.46072 1.01341
1.46125 1.01365
1.46179 1.01388
1.46232 1.01412
1.46285 1.01436
1.46339 1.0146
1.46392 1.01484
1.46445 1.01508
1.46499 1.01532
1.46552 1.01556
1.46606 1.0158
1.46659 1.01604
1.46712 1.01628
1.46766 1.01652
1.46819 1.01675
1.46872 1.01699
1.46926 1.01723
1.46979 1.01747
1.47033 1.01771
1.47086 1.01795
1.47139 1.01819
1.47193 1.01842
1.47246 1.01866
1.47299 1.0189
1.47353 1.01914
1.47406 1.01938
1.4746 1.01961
1.47513 1.01985
1.47566 1.02009
1.4762 1.02033
1.47673 1.02057
1.47726 1.0208
1.4778 1.02104
1.47833 1.02128
1.47886 1.02152
1.4794 1.02175
1.47993 1.02199
1.48047 1.02223
1.481 1.02247
1.48153 1.0227
1.48207 1.02294
1.4826 1.02318
1.48313 1.02341
1.48367 1.02365
1.4842 1.02389
1.48474 1.02412
1.48527 1.02436
1.4858 1.0246
1.48634 1.02483
1.48687 1.02507
1.4874 1.02531
1.48794 1.02554
1.48847 1.02578
1.489 1.02601
1.48954 1.02625
1.49007 1.02649
1.49061 1.02672
1.49114 1.02696
1.49167 1.02719
1.49221 1.02743
1.49274 1.02767
1.49327 1.0279
1.49381 1.02814
1.49434 1.02837
1.49488 1.02861
1.49541 1.02884
1.49594 1.02908
1.49648 1.02931
1.49701 1.02955
1.49754 1.02979
1.49808 1.03002
1.49861 1.03026
1.49914 1.03049
1.49968 1.03073
1.50021 1.03096
1.50075 1.03119
1.50128 1.03143
1.50181 1.03166
1.50235 1.0319
1.50288 1.03213
1.50341 1.03237
1.50395 1.0326
1.50448 1.03284
1.50502 1.03307
1.50555 1.0333
1.50608 1.03354
1.50662 1.03377
1.50715 1.03401
1.50768 1.03424
1.50822 1.03447
1.50875 1.03471
1.50929 1.03494
1.50982 1.03518
1.51035 1.03541
1.51089 1.03564
1.51142 1.03588
1.51195 1.03611
1.51249 1.03634
1.51302 1.03658
1.51355 1.03681
1.51409 1.03704
1.51462 1.03728
1.51516 1.03751
1.51569 1.03774
1.51622 1.03798
1.51676 1.03821
1.51729 1.03844
1.51782 1.03867
1.51836 1.03891
1.51889 1.03914
1.51943 1.03937
1.51996 1.0396
1.52049 1.03984
1.52103 1.04007
1.52156 1.0403
1.52209 1.04053
1.52263 1.04076
1.52316 1.041
1.52369 1.04123
1.52423 1.04146
1.52476 1.04169
1.5253 1.04192
1.52583 1.04216
1.52636 1.04239
1.5269 1.04262
1.52743 1.04285
1.52796 1.04308
1.5285 1.04331
1.52903 1.04355
1.52957 1.04378
1.5301 1.04401
1.53063 1.04424
1.53117 1.04447
1.5317 1.0447
1.53223 1.04493
1.53277 1.04516
1.5333 1.04539
1.53384 1.04563
1.53437 1.04586
1.5349 1.04609
1.53544 1.04632
1.53597 1.04655
1.5365 1.04678
1.53704 1.04701
1.53757 1.04724
1.5381 1.04747
1.53864 1.0477
1.53917 1.04793
1.53971 1.04816
1.54024 1.04839
1.54077 1.04862
1.54131 1.04885
1.54184 1.04908
1.54237 1.04931
1.54291 1.04954
1.54344 1.04977
1.54398 1.05
1.54451 1.05023
1.54504 1.05046
1.54558 1.05069
1.54611 1.05092
1.54664 1.05115
1.54718 1.05137
1.54771 1.0516
1.54824 1.05183
1.54878 1.05206
1.54931 1.05229
1.54985 1.05252
1.55038 1.05275
1.55091 1.05298
1.55145 1.05321
1.55198 1.05344
1.55251 1.05366
1.55305 1.05389
1.55358 1.05412
1.55412 1.05435
1.55465 1.05458
1.55518 1.05481
1.55572 1.05503
1.55625 1.05526
1.55678 1.05549
1.55732 1.05572
1.55785 1.05595
1.55838 1.05617
1.55892 1.0564
1.55945 1.05663
1.55999 1.05686
1.56052 1.05709
1.56105 1.05731
1.56159 1.05754
1.56212 1.05777
1.56265 1.058
1.56319 1.05822
1.56372 1.05845
1.56426 1.05868
1.56479 1.0589
1.56532 1.05913
1.56586 1.05936
1.56639 1.05959
1.56692 1.05981
1.56746 1.06004
1.56799 1.06027
1.56853 1.06049
1.56906 1.06072
1.56959 1.06095
1.57013 1.06117
1.57066 1.0614
1.57119 1.06163
1.57173 1.06185
1.57226 1.06208
1.57279 1.0623
1.57333 1.06253
1.57386 1.06276
1.5744 1.06298
1.57493 1.06321
1.57546 1.06344
1.576 1.06366
1.57653 1.06389
1.57706 1.06411
1.5776 1.06434
1.57813 1.06456
1.57867 1.06479
1.5792 1.06502
1.57973 1.06524
1.58027 1.06547
1.5808 1.06569
1.58133 1.06592
1.58187 1.06614
1.5824 1.06637
1.58293 1.06659
1.58347 1.06682
1.584 1.06704
1.58454 1.06727
1.58507 1.06749
1.5856 1.06772
1.58614 1.06794
1.58667 1.06817
1.5872 1.06839
1.58774 1.06862
1.58827 1.06884
1.58881 1.06906
1.58934 1.06929
1.58987 1.06951
1.59041 1.06974
1.59094 1.06996
1.59147 1.07019
1.59201 1.07041
1.59254 1.07063
1.59307 1.07086
1.59361 1.07108
1.59414 1.07131
1.59468 1.07153
1.59521 1.07175
1.59574 1.07198
1.59628 1.0722
1.59681 1.07242
1.59734 1.07265
1.59788 1.07287
1.59841 1.07309
1.59895 1.07332
1.59948 1.07354
1.60001 1.07376
1.60055 1.07399
1.60108 1.07421
1.60161 1.07443
1.60215 1.07466
1.60268 1.07488
1.60322 1.0751
1.60375 1.07532
1.60428 1.07555
1.60482 1.07577
1.60535 1.07599
1.60588 1.07621
1.60642 1.07644
1.60695 1.07666
1.60748 1.07688
1.60802 1.0771
1.60855 1.07733
1.60909 1.07755
1.60962 1.07777
1.61015 1.07799
1.61069 1.07821
1.61122 1.07844
1.61175 1.07866
1.61229 1.07888
1.61282 1.0791
1.61336 1.07932
1.61389 1.07954
1.61442 1.07977
1.61496 1.07999
1.61549 1.08021
1.61602 1.08043
1.61656 1.08065
1.61709 1.08087
1.61762 1.08109
1.61816 1.08132
1.61869 1.08154
1.61923 1.08176
1.61976 1.08198
1.62029 1.0822
1.62083 1.08242
1.62136 1.08264
1.62189 1.08286
1.62243 1.08308
1.62296 1.0833
1.6235 1.08352
1.62403 1.08374
1.62456 1.08396
1.6251 1.08418
1.62563 1.0844
1.62616 1.08462
1.6267 1.08485
1.62723 1.08507
1.62777 1.08529
1.6283 1.08551
1.62883 1.08573
1.62937 1.08595
1.6299 1.08617
1.63043 1.08638
1.63097 1.0866
1.6315 1.08682
1.63203 1.08704
1.63257 1.08726
1.6331 1.08748
1.63364 1.0877
1.63417 1.08792
1.6347 1.08814
1.63524 1.08836
1.63577 1.08858
1.6363 1.0888
1.63684 1.08902
1.63737 1.08924
1.63791 1.08946
1.63844 1.08967
1.63897 1.08989
1.63951 1.09011
1.64004 1.09033
1.64057 1.09055
1.64111 1.09077
1.64164 1.09099
1.64217 1.0912
1.64271 1.09142
1.64324 1.09164
1.64378 1.09186
1.64431 1.09208
1.64484 1.0923
1.64538 1.09251
1.64591 1.09273
1.64644 1.09295
1.64698 1.09317
1.64751 1.09339
1.64805 1.0936
1.64858 1.09382
1.64911 1.09404
1.64965 1.09426
1.65018 1.09448
1.65071 1.09469
1.65125 1.09491
1.65178 1.09513
1.65231 1.09535
1.65285 1.09556
1.65338 1.09578
1.65392 1.096
1.65445 1.09621
1.65498 1.09643
1.65552 1.09665
1.65605 1.09687
1.65658 1.09708
1.65712 1.0973
1.65765 1.09752
1.65819 1.09773
1.65872 1.09795
1.65925 1.09817
1.65979 1.09838
1.66032 1.0986
1.66085 1.09882
1.66139 1.09903
1.66192 1.09925
1.66246 1.09946
1.66299 1.09968
1.66352 1.0999
1.66406 1.10011
1.66459 1.10033
1.66512 1.10055
1.66566 1.10076
1.66619 1.10098
1.66672 1.10119
1.66726 1.10141
1.66779 1.10162
1.66833 1.10184
1.66886 1.10206
1.66939 1.10227
1.66993 1.10249
1.67046 1.1027
1.67099 1.10292
1.67153 1.10313
1.67206 1.10335
1.6726 1.10356
1.67313 1.10378
1.67366 1.10399
1.6742 1.10421
1.67473 1.10442
1.67526 1.10464
1.6758 1.10485
1.67633 1.10507
1.67686 1.10528
1.6774 1.1055
1.67793 1.10571
1.67847 1.10593
1.679 1.10614
1.67953 1.10636
1.68007 1.10657
1.6806 1.10678
1.68113 1.107
1.68167 1.10721
1.6822 1.10743
1.68274 1.10764
1.68327 1.10786
1.6838 1.10807
1.68434 1.10828
1.68487 1.1085
1.6854 1.10871
1.68594 1.10892
1.68647 1.10914
1.68701 1.10935
1.68754 1.10957
1.68807 1.10978
1.68861 1.10999
1.68914 1.11021
1.68967 1.11042
1.69021 1.11063
1.69074 1.11085
1.69127 1.11106
1.69181 1.11127
1.69234 1.11149
1.69288 1.1117
1.69341 1.11191
1.69394 1.11212
1.69448 1.11234
1.69501 1.11255
1.69554 1.11276
1.69608 1.11298
1.69661 1.11319
1.69715 1.1134
1.69768 1.11361
1.69821 1.11383
1.69875 1.11404
1.69928 1.11425
1.69981 1.11446
1.70035 1.11468
1.70088 1.11489
1.70141 1.1151
1.70195 1.11531
1.70248 1.11552
1.70302 1.11574
1.70355 1.11595
1.70408 1.11616
1.70462 1.11637
1.70515 1.11658
1.70568 1.1168
1.70622 1.11701
1.70675 1.11722
1.70729 1.11743
1.70782 1.11764
1.70835 1.11785
1.70889 1.11806
1.70942 1.11828
1.70995 1.11849
1.71049 1.1187
1.71102 1.11891
1.71155 1.11912
1.71209 1.11933
1.71262 1.11954
1.71316 1.11975
1.71369 1.11996
1.71422 1.12018
1.71476 1.12039
1.71529 1.1206
1.71582 1.12081
1.71636 1.12102
1.71689 1.12123
1.71743 1.12144
1.71796 1.12165
1.71849 1.12186
1.71903 1.12207
1.71956 1.12228
1.72009 1.12249
1.72063 1.1227
1.72116 1.12291
1.7217 1.12312
1.72223 1.12333
1.72276 1.12354
1.7233 1.12375
1.72383 1.12396
1.72436 1.12417
1.7249 1.12438
1.72543 1.12459
1.72596 1.1248
1.7265 1.12501
1.72703 1.12522
1.72757 1.12543
1.7281 1.12564
1.72863 1.12585
1.72917 1.12606
1.7297 1.12626
1.73023 1.12647
1.73077 1.12668
1.7313 1.12689
1.73184 1.1271
1.73237 1.12731
1.7329 1.12752
1.73344 1.12773
1.73397 1.12794
1.7345 1.12815
1.73504 1.12835
1.73557 1.12856
1.7361 1.12877
1.73664 1.12898
1.73717 1.12919
1.73771 1.1294
1.73824 1.12961
1.73877 1.12981
1.73931 1.13002
1.73984 1.13023
1.74037 1.13044
1.74091 1.13065
1.74144 1.13085
1.74198 1.13106
1.74251 1.13127
1.74304 1.13148
1.74358 1.13169
1.74411 1.13189
1.74464 1.1321
1.74518 1.13231
1.74571 1.13252
1.74625 1.13272
1.74678 1.13293
1.74731 1.13314
1.74785 1.13335
1.74838 1.13355
1.74891 1.13376
1.74945 1.13397
1.74998 1.13418
1.75051 1.13438
1.75105 1.13459
1.75158 1.1348
1.75212 1.135
1.75265 1.13521
1.75318 1.13542
1.75372 1.13562
1.75425 1.13583
1.75478 1.13604
1.75532 1.13624
1.75585 1.13645
1.75639 1.13666
1.75692 1.13686
1.75745 1.13707
1.75799 1.13728
1.75852 1.13748
1.75905 1.13769
1.75959 1.1379
1.76012 1.1381
1.76065 1.13831
1.76119 1.13851
1.76172 1.13872
1.76226 1.13893
1.76279 1.13913
1.76332 1.13934
1.76386 1.13954
1.76439 1.13975
1.76492 1.13995
1.76546 1.14016
1.76599 1.14037
1.76653 1.14057
1.76706 1.14078
1.76759 1.14098
1.76813 1.14119
1.76866 1.14139
1.76919 1.1416
1.76973 1.1418
1.77026 1.14201
1.77079 1.14221
1.77133 1.14242
1.77186 1.14262
1.7724 1.14283
1.77293 1.14303
1.77346 1.14324
1.774 1.14344
1.77453 1.14365
1.77506 1.14385
1.7756 1.14406
1.77613 1.14426
1.77667 1.14447
1.7772 1.14467
1.77773 1.14487
1.77827 1.14508
1.7788 1.14528
1.77933 1.14549
1.77987 1.14569
1.7804 1.1459
1.78094 1.1461
1.78147 1.1463
1.782 1.14651
1.78254 1.14671
1.78307 1.14692
1.7836 1.14712
1.78414 1.14732
1.78467 1.14753
1.7852 1.14773
1.78574 1.14793
1.78627 1.14814
1.78681 1.14834
1.78734 1.14855
1.78787 1.14875
1.78841 1.14895
1.78894 1.14916
1.78947 1.14936
1.79001 1.14956
1.79054 1.14976
1.79108 1.14997
1.79161 1.15017
1.79214 1.15037
1.79268 1.15058
1.79321 1.15078
1.79374 1.15098
1.79428 1.15119
1.79481 1.15139
1.79534 1.15159
1.79588 1.15179
1.79641 1.152
1.79695 1.1522
1.79748 1.1524
1.79801 1.1526
1.79855 1.15281
1.79908 1.15301
1.79961 1.15321
1.80015 1.15341
1.80068 1.15361
1.80122 1.15382
1.80175 1.15402
1.80228 1.15422
1.80282 1.15442
1.80335 1.15462
1.80388 1.15483
1.80442 1.15503
1.80495 1.15523
1.80548 1.15543
1.80602 1.15563
1.80655 1.15583
1.80709 1.15604
1.80762 1.15624
1.80815 1.15644
1.80869 1.15664
1.80922 1.15684
1.80975 1.15704
1.81029 1.15724
1.81082 1.15745
1.81136 1.15765
1.81189 1.15785
1.81242 1.15805
1.81296 1.15825
1.81349 1.15845
1.81402 1.15865
1.81456 1.15885
1.81509 1.15905
1.81563 1.15925
1.81616 1.15945
1.81669 1.15966
1.81723 1.15986
1.81776 1.16006
1.81829 1.16026
1.81883 1.16046
1.81936 1.16066
1.81989 1.16086
1.82043 1.16106
1.82096 1.16126
1.8215 1.16146
1.82203 1.16166
1.82256 1.16186
1.8231 1.16206
1.82363 1.16226
1.82416 1.16246
1.8247 1.16266
1.82523 1.16286
1.82577 1.16306
1.8263 1.16326
1.82683 1.16346
1.82737 1.16366
1.8279 1.16386
1.82843 1.16406
1.82897 1.16425
1.8295 1.16445
1.83003 1.16465
1.83057 1.16485
1.8311 1.16505
1.83164 1.16525
1.83217 1.16545
1.8327 1.16565
1.83324 1.16585
1.83377 1.16605
1.8343 1.16625
1.83484 1.16645
1.83537 1.16664
1.83591 1.16684
1.83644 1.16704
1.83697 1.16724
1.83751 1.16744
1.83804 1.16764
1.83857 1.16784
1.83911 1.16803
1.83964 1.16823
1.84018 1.16843
1.84071 1.16863
1.84124 1.16883
1.84178 1.16903
1.84231 1.16922
1.84284 1.16942
1.84338 1.16962
1.84391 1.16982
1.84444 1.17002
1.84498 1.17021
1.84551 1.17041
1.84605 1.17061
1.84658 1.17081
1.84711 1.17101
1.84765 1.1712
1.84818 1.1714
1.84871 1.1716
1.84925 1.1718
1.84978 1.17199
1.85032 1.17219
1.85085 1.17239
1.85138 1.17259
1.85192 1.17278
1.85245 1.17298
1.85298 1.17318
1.85352 1.17337
1.85405 1.17357
1.85458 1.17377
1.85512 1.17397
1.85565 1.17416
1.85619 1.17436
1.85672 1.17456
1.85725 1.17475
1.85779 1.17495
1.85832 1.17515
1.85885 1.17534
1.85939 1.17554
1.85992 1.17574
1.86046 1.17593
1.86099 1.17613
1.86152 1.17632
1.86206 1.17652
1.86259 1.17672
1.86312 1.17691
1.86366 1.17711
1.86419 1.17731
1.86472 1.1775
1.86526 1.1777
1.86579 1.17789
1.86633 1.17809
1.86686 1.17829
1.86739 1.17848
1.86793 1.17868
1.86846 1.17887
1.86899 1.17907
1.86953 1.17926
1.87006 1.17946
1.8706 1.17966
1.87113 1.17985
1.87166 1.18005
1.8722 1.18024
1.87273 1.18044
1.87326 1.18063
1.8738 1.18083
1.87433 1.18102
1.87487 1.18122
1.8754 1.18141
1.87593 1.18161
1.87647 1.1818
1.877 1.182
1.87753 1.18219
1.87807 1.18239
1.8786 1.18258
1.87913 1.18278
1.87967 1.18297
1.8802 1.18317
1.88074 1.18336
1.88127 1.18356
1.8818 1.18375
1.88234 1.18394
1.88287 1.18414
1.8834 1.18433
1.88394 1.18453
1.88447 1.18472
1.88501 1.18492
1.88554 1.18511
1.88607 1.1853
1.88661 1.1855
1.88714 1.18569
1.88767 1.18589
1.88821 1.18608
1.88874 1.18627
1.88927 1.18647
1.88981 1.18666
1.89034 1.18686
1.89088 1.18705
1.89141 1.18724
1.89194 1.18744
1.89248 1.18763
1.89301 1.18782
1.89354 1.18802
1.89408 1.18821
1.89461 1.1884
1.89515 1.1886
1.89568 1.18879
1.89621 1.18898
1.89675 1.18918
1.89728 1.18937
1.89781 1.18956
1.89835 1.18976
1.89888 1.18995
1.89942 1.19014
1.89995 1.19033
1.90048 1.19053
1.90102 1.19072
1.90155 1.19091
1.90208 1.19111
1.90262 1.1913
1.90315 1.19149
1.90368 1.19168
1.90422 1.19188
1.90475 1.19207
1.90529 1.19226
1.90582 1.19245
1.90635 1.19264
1.90689 1.19284
1.90742 1.19303
1.90795 1.19322
1.90849 1.19341
1.90902 1.19361
1.90956 1.1938
1.91009 1.19399
1.91062 1.19418
1.91116 1.19437
1.91169 1.19456
1.91222 1.19476
1.91276 1.19495
1.91329 1.19514
1.91382 1.19533
1.91436 1.19552
1.91489 1.19571
1.91543 1.19591
1.91596 1.1961
1.91649 1.19629
1.91703 1.19648
1.91756 1.19667
1.91809 1.19686
1.91863 1.19705
1.91916 1.19724
1.9197 1.19744
1.92023 1.19763
1.92076 1.19782
1.9213 1.19801
1.92183 1.1982
1.92236 1.19839
1.9229 1.19858
1.92343 1.19877
1.92396 1.19896
1.9245 1.19915
1.92503 1.19934
1.92557 1.19953
1.9261 1.19972
1.92663 1.19992
1.92717 1.20011
1.9277 1.2003
1.92823 1.20049
1.92877 1.20068
1.9293 1.20087
1.92984 1.20106
1.93037 1.20125
1.9309 1.20144
1.93144 1.20163
1.93197 1.20182
1.9325 1.20201
1.93304 1.2022
1.93357 1.20239
1.93411 1.20258
1.93464 1.20277
1.93517 1.20296
1.93571 1.20315
1.93624 1.20334
1.93677 1.20353
1.93731 1.20371
1.93784 1.2039
1.93837 1.20409
1.93891 1.20428
1.93944 1.20447
1.93998 1.20466
1.94051 1.20485
1.94104 1.20504
1.94158 1.20523
1.94211 1.20542
1.94264 1.20561
1.94318 1.2058
1.94371 1.20599
1.94425 1.20617
1.94478 1.20636
1.94531 1.20655
1.94585 1.20674
1.94638 1.20693
1.94691 1.20712
1.94745 1.20731
1.94798 1.2075
1.94851 1.20768
1.94905 1.20787
1.94958 1.20806
1.95012 1.20825
1.95065 1.20844
1.95118 1.20863
1.95172 1.20881
1.95225 1.209
1.95278 1.20919
1.95332 1.20938
1.95385 1.20957
1.95439 1.20975
1.95492 1.20994
1.95545 1.21013
1.95599 1.21032
1.95652 1.21051
1.95705 1.21069
1.95759 1.21088
1.95812 1.21107
1.95866 1.21126
1.95919 1.21144
1.95972 1.21163
1.96026 1.21182
1.96079 1.21201
1.96132 1.21219
1.96186 1.21238
1.96239 1.21257
1.96292 1.21276
1.96346 1.21294
1.96399 1.21313
1.96453 1.21332
1.96506 1.2135
1.96559 1.21369
1.96613 1.21388
1.96666 1.21407
1.96719 1.21425
1.96773 1.21444
1.96826 1.21463
1.9688 1.21481
1.96933 1.215
1.96986 1.21519
1.9704 1.21537
1.97093 1.21556
1.97146 1.21575
1.972 1.21593
1.97253 1.21612
1.97306 1.21631
1.9736 1.21649
1.97413 1.21668
1.97467 1.21686
1.9752 1.21705
1.97573 1.21724
1.97627 1.21742
1.9768 1.21761
1.97733 1.2178
1.97787 1.21798
1.9784 1.21817
1.97894 1.21835
1.97947 1.21854
1.98 1.21872
1.98054 1.21891
1.98107 1.2191
1.9816 1.21928
1.98214 1.21947
1.98267 1.21965
1.9832 1.21984
1.98374 1.22002
1.98427 1.22021
1.98481 1.2204
1.98534 1.22058
1.98587 1.22077
1.98641 1.22095
1.98694 1.22114
1.98747 1.22132
1.98801 1.22151
1.98854 1.22169
1.98908 1.22188
1.98961 1.22206
1.99014 1.22225
1.99068 1.22243
1.99121 1.22262
1.99174 1.2228
1.99228 1.22299
1.99281 1.22317
1.99335 1.22336
1.99388 1.22354
1.99441 1.22372
1.99495 1.22391
1.99548 1.22409
1.99601 1.22428
1.99655 1.22446
1.99708 1.22465
1.99761 1.22483
1.99815 1.22502
1.99868 1.2252
1.99922 1.22538
1.99975 1.22557
2.00028 1.22575
2.00082 1.22594
2.00135 1.22612
2.00188 1.2263
2.00242 1.22649
2.00295 1.22667
2.00349 1.22686
2.00402 1.22704
2.00455 1.22722
2.00509 1.22741
2.00562 1.22759
2.00615 1.22777
2.00669 1.22796
2.00722 1.22814
2.00775 1.22832
2.00829 1.22851
2.00882 1.22869
2.00936 1.22887
2.00989 1.22906
2.01042 1.22924
2.01096 1.22942
2.01149 1.22961
2.01202 1.22979
2.01256 1.22997
2.01309 1.23016
2.01363 1.23034
2.01416 1.23052
2.01469 1.23071
2.01523 1.23089
2.01576 1.23107
2.01629 1.23125
2.01683 1.23144
2.01736 1.23162
2.01789 1.2318
2.01843 1.23198
2.01896 1.23217
2.0195 1.23235
2.02003 1.23253
2.02056 1.23271
2.0211 1.2329
2.02163 1.23308
2.02216 1.23326
2.0227 1.23344
2.02323 1.23363
2.02377 1.23381
2.0243 1.23399
2.02483 1.23417
2.02537 1.23435
2.0259 1.23454
2.02643 1.23472
2.02697 1.2349
2.0275 1.23508
2.02804 1.23526
2.02857 1.23544
2.0291 1.23563
2.02964 1.23581
2.03017 1.23599
2.0307 1.23617
2.03124 1.23635
2.03177 1.23653
2.0323 1.23672
2.03284 1.2369
2.03337 1.23708
2.03391 1.23726
2.03444 1.23744
2.03497 1.23762
2.03551 1.2378
2.03604 1.23798
2.03657 1.23817
2.03711 1.23835
2.03764 1.23853
2.03818 1.23871
2.03871 1.23889
2.03924 1.23907
2.03978 1.23925
2.04031 1.23943
2.04084 1.23961
2.04138 1.23979
2.04191 1.23997
2.04244 1.24015
2.04298 1.24033
2.04351 1.24052
2.04405 1.2407
2.04458 1.24088
2.04511 1.24106
2.04565 1.24124
2.04618 1.24142
2.04671 1.2416
2.04725 1.24178
2.04778 1.24196
2.04832 1.24214
2.04885 1.24232
2.04938 1.2425
2.04992 1.24268
2.05045 1.24286
2.05098 1.24304
2.05152 1.24322
2.05205 1.2434
2.05259 1.24358
2.05312 1.24376
2.05365 1.24394
2.05419 1.24412
2.05472 1.2443
2.05525 1.24448
2.05579 1.24465
2.05632 1.24483
2.05685 1.24501
2.05739 1.24519
2.05792 1.24537
2.05846 1.24555
2.05899 1.24573
2.05952 1.24591
2.06006 1.24609
2.06059 1.24627
2.06112 1.24645
2.06166 1.24663
2.06219 1.24681
2.06273 1.24698
2.06326 1.24716
2.06379 1.24734
2.06433 1.24752
2.06486 1.2477
2.06539 1.24788
2.06593 1.24806
2.06646 1.24824
2.06699 1.24841
2.06753 1.24859
2.06806 1.24877
2.0686 1.24895
2.06913 1.24913
2.06966 1.24931
2.0702 1.24949
2.07073 1.24966
2.07126 1.24984
2.0718 1.25002
2.07233 1.2502
2.07287 1.25038
2.0734 1.25055
2.07393 1.25073
2.07447 1.25091
2.075 1.25109
2.07553 1.25127
2.07607 1.25144
2.0766 1.25162
2.07713 1.2518
2.07767 1.25198
2.0782 1.25216
2.07874 1.25233
2.07927 1.25251
2.0798 1.25269
2.08034 1.25287
2.08087 1.25304
2.0814 1.25322
2.08194 1.2534
2.08247 1.25358
2.08301 1.25375
2.08354 1.25393
2.08407 1.25411
2.08461 1.25428
2.08514 1.25446
2.08567 1.25464
2.08621 1.25482
2.08674 1.25499
2.08728 1.25517
2.08781 1.25535
2.08834 1.25552
2.08888 1.2557
2.08941 1.25588
2.08994 1.25605
2.09048 1.25623
2.09101 1.25641
2.09154 1.25658
2.09208 1.25676
2.09261 1.25694
2.09315 1.25711
2.09368 1.25729
2.09421 1.25747
2.09475 1.25764
2.09528 1.25782
2.09581 1.258
2.09635 1.25817
2.09688 1.25835
2.09742 1.25852
2.09795 1.2587
2.09848 1.25888
2.09902 1.25905
2.09955 1.25923
2.10008 1.2594
2.10062 1.25958
2.10115 1.25976
2.10168 1.25993
2.10222 1.26011
2.10275 1.26028
2.10329 1.26046
2.10382 1.26064
2.10435 1.26081
2.10489 1.26099
2.10542 1.26116
2.10595 1.26134
2.10649 1.26151
2.10702 1.26169
2.10756 1.26186
2.10809 1.26204
2.10862 1.26221
2.10916 1.26239
2.10969 1.26256
2.11022 1.26274
2.11076 1.26292
2.11129 1.26309
2.11183 1.26327
2.11236 1.26344
2.11289 1.26362
2.11343 1.26379
2.11396 1.26397
2.11449 1.26414
2.11503 1.26431
2.11556 1.26449
2.11609 1.26466
2.11663 1.26484
2.11716 1.26501
2.1177 1.26519
2.11823 1.26536
2.11876 1.26554
2.1193 1.26571
2.11983 1.26589
2.12036 1.26606
2.1209 1.26623
2.12143 1.26641
2.12197 1.26658
2.1225 1.26676
2.12303 1.26693
2.12357 1.26711
2.1241 1.26728
2.12463 1.26745
2.12517 1.26763
2.1257 1.2678
2.12623 1.26798
2.12677 1.26815
2.1273 1.26832
2.12784 1.2685
2.12837 1.26867
2.1289 1.26885
2.12944 1.26902
2.12997 1.26919
2.1305 1.26937
2.13104 1.26954
2.13157 1.26971
2.13211 1.26989
2.13264 1.27006
2.13317 1.27023
2.13371 1.27041
2.13424 1.27058
2.13477 1.27075
2.13531 1.27093
2.13584 1.2711
2.13637 1.27127
2.13691 1.27145
2.13744 1.27162
2.13798 1.27179
2.13851 1.27197
2.13904 1.27214
2.13958 1.27231
2.14011 1.27248
2.14064 1.27266
2.14118 1.27283
2.14171 1.273
2.14225 1.27318
2.14278 1.27335
2.14331 1.27352
2.14385 1.27369
2.14438 1.27387
2.14491 1.27404
2.14545 1.27421
2.14598 1.27438
2.14652 1.27456
2.14705 1.27473
2.14758 1.2749
2.14812 1.27507
2.14865 1.27524
2.14918 1.27542
2.14972 1.27559
2.15025 1.27576
2.15078 1.27593
2.15132 1.27611
2.15185 1.27628
2.15239 1.27645
2.15292 1.27662
2.15345 1.27679
2.15399 1.27696
2.15452 1.27714
2.15505 1.27731
2.15559 1.27748
2.15612 1.27765
2.15666 1.27782
2.15719 1.27799
2.15772 1.27817
2.15826 1.27834
2.15879 1.27851
2.15932 1.27868
2.15986 1.27885
2.16039 1.27902
2.16092 1.27919
2.16146 1.27937
2.16199 1.27954
2.16253 1.27971
2.16306 1.27988
2.16359 1.28005
2.16413 1.28022
2.16466 1.28039
2.16519 1.28056
2.16573 1.28073
2.16626 1.28091
2.1668 1.28108
2.16733 1.28125
2.16786 1.28142
2.1684 1.28159
2.16893 1.28176
2.16946 1.28193
2.17 1.2821
2.17053 1.28227
2.17107 1.28244
2.1716 1.28261
2.17213 1.28278
2.17267 1.28295
2.1732 1.28312
2.17373 1.28329
2.17427 1.28346
2.1748 1.28363
2.17533 1.2838
2.17587 1.28397
2.1764 1.28414
2.17694 1.28431
2.17747 1.28448
2.178 1.28465
2.17854 1.28482
2.17907 1.28499
2.1796 1.28516
2.18014 1.28533
2.18067 1.2855
2.18121 1.28567
2.18174 1.28584
2.18227 1.28601
2.18281 1.28618
2.18334 1.28635
2.18387 1.28652
2.18441 1.28669
2.18494 1.28686
2.18547 1.28703
2.18601 1.2872
2.18654 1.28737
2.18708 1.28754
2.18761 1.28771
2.18814 1.28788
2.18868 1.28805
2.18921 1.28822
2.18974 1.28839
2.19028 1.28855
2.19081 1.28872
2.19135 1.28889
2.19188 1.28906
2.19241 1.28923
2.19295 1.2894
2.19348 1.28957
2.19401 1.28974
2.19455 1.28991
2.19508 1.29007
2.19561 1.29024
2.19615 1.29041
2.19668 1.29058
2.19722 1.29075
2.19775 1.29092
2.19828 1.29109
2.19882 1.29125
2.19935 1.29142
2.19988 1.29159
2.20042 1.29176
2.20095 1.29193
2.20149 1.2921
2.20202 1.29226
2.20255 1.29243
2.20309 1.2926
2.20362 1.29277
2.20415 1.29294
2.20469 1.29311
2.20522 1.29327
2.20576 1.29344
2.20629 1.29361
2.20682 1.29378
2.20736 1.29394
2.20789 1.29411
2.20842 1.29428
2.20896 1.29445
2.20949 1.29462
2.21002 1.29478
2.21056 1.29495
2.21109 1.29512
2.21163 1.29529
2.21216 1.29545
2.21269 1.29562
2.21323 1.29579
2.21376 1.29596
2.21429 1.29612
2.21483 1.29629
2.21536 1.29646
2.2159 1.29663
2.21643 1.29679
2.21696 1.29696
2.2175 1.29713
2.21803 1.29729
2.21856 1.29746
2.2191 1.29763
2.21963 1.29779
2.22016 1.29796
2.2207 1.29813
2.22123 1.2983
2.22177 1.29846
2.2223 1.29863
2.22283 1.2988
2.22337 1.29896
2.2239 1.29913
2.22443 1.2993
2.22497 1.29946
2.2255 1.29963
2.22604 1.2998
2.22657 1.29996
2.2271 1.30013
2.22764 1.30029
2.22817 1.30046
2.2287 1.30063
2.22924 1.30079
2.22977 1.30096
2.2303 1.30113
2.23084 1.30129
2.23137 1.30146
2.23191 1.30162
2.23244 1.30179
2.23297 1.30196
2.23351 1.30212
2.23404 1.30229
2.23457 1.30245
2.23511 1.30262
2.23564 1.30279
2.23618 1.30295
2.23671 1.30312
2.23724 1.30328
2.23778 1.30345
2.23831 1.30361
2.23884 1.30378
2.23938 1.30395
2.23991 1.30411
2.24045 1.30428
2.24098 1.30444
2.24151 1.30461
2.24205 1.30477
2.24258 1.30494
2.24311 1.3051
2.24365 1.30527
2.24418 1.30543
2.24471 1.3056
2.24525 1.30576
2.24578 1.30593
2.24632 1.30609
2.24685 1.30626
2.24738 1.30642
2.24792 1.30659
2.24845 1.30675
2.24898 1.30692
2.24952 1.30708
2.25005 1.30725
2.25059 1.30741
2.25112 1.30758
2.25165 1.30774
2.25219 1.30791
2.25272 1.30807
2.25325 1.30824
2.25379 1.3084
2.25432 1.30856
2.25485 1.30873
2.25539 1.30889
2.25592 1.30906
2.25646 1.30922
2.25699 1.30939
2.25752 1.30955
2.25806 1.30972
2.25859 1.30988
2.25912 1.31004
2.25966 1.31021
2.26019 1.31037
2.26073 1.31054
2.26126 1.3107
2.26179 1.31086
2.26233 1.31103
2.26286 1.31119
2.26339 1.31136
2.26393 1.31152
2.26446 1.31168
2.265 1.31185
2.26553 1.31201
2.26606 1.31217
2.2666 1.31234
2.26713 1.3125
2.26766 1.31266
2.2682 1.31283
2.26873 1.31299
2.26926 1.31315
2.2698 1.31332
2.27033 1.31348
2.27087 1.31364
2.2714 1.31381
2.27193 1.31397
2.27247 1.31413
2.273 1.3143
2.27353 1.31446
2.27407 1.31462
2.2746 1.31479
2.27514 1.31495
2.27567 1.31511
2.2762 1.31528
2.27674 1.31544
2.27727 1.3156
2.2778 1.31576
2.27834 1.31593
2.27887 1.31609
2.2794 1.31625
2.27994 1.31642
2.28047 1.31658
2.28101 1.31674
2.28154 1.3169
2.28207 1.31707
2.28261 1.31723
2.28314 1.31739
2.28367 1.31755
2.28421 1.31772
2.28474 1.31788
2.28528 1.31804
2.28581 1.3182
2.28634 1.31837
2.28688 1.31853
2.28741 1.31869
2.28794 1.31885
2.28848 1.31901
2.28901 1.31918
2.28954 1.31934
2.29008 1.3195
2.29061 1.31966
2.29115 1.31982
2.29168 1.31999
2.29221 1.32015
2.29275 1.32031
2.29328 1.32047
2.29381 1.32063
2.29435 1.32079
2.29488 1.32096
2.29542 1.32112
2.29595 1.32128
2.29648 1.32144
2.29702 1.3216
2.29755 1.32176
2.29808 1.32192
2.29862 1.32209
2.29915 1.32225
2.29969 1.32241
2.30022 1.32257
2.30075 1.32273
2.30129 1.32289
2.30182 1.32305
2.30235 1.32322
2.30289 1.32338
2.30342 1.32354
2.30395 1.3237
2.30449 1.32386
2.30502 1.32402
2.30556 1.32418
2.30609 1.32434
2.30662 1.3245
2.30716 1.32466
2.30769 1.32482
2.30822 1.32499
2.30876 1.32515
2.30929 1.32531
2.30983 1.32547
2.31036 1.32563
2.31089 1.32579
2.31143 1.32595
2.31196 1.32611
2.31249 1.32627
2.31303 1.32643
2.31356 1.32659
2.31409 1.32675
2.31463 1.32691
2.31516 1.32707
2.3157 1.32723
2.31623 1.32739
2.31676 1.32755
2.3173 1.32771
2.31783 1.32787
2.31836 1.32803
2.3189 1.32819
2.31943 1.32835
2.31997 1.32851
2.3205 1.32867
2.32103 1.32883
2.32157 1.32899
2.3221 1.32915
2.32263 1.32931
2.32317 1.32947
2.3237 1.32963
2.32424 1.32979
2.32477 1.32995
2.3253 1.33011
2.32584 1.33027
2.32637 1.33043
2.3269 1.33059
2.32744 1.33075
2.32797 1.33091
2.3285 1.33107
2.32904 1.33123
2.32957 1.33139
2.33011 1.33154
2.33064 1.3317
2.33117 1.33186
2.33171 1.33202
2.33224 1.33218
2.33277 1.33234
2.33331 1.3325
2.33384 1.33266
2.33438 1.33282
2.33491 1.33298
2.33544 1.33313
2.33598 1.33329
2.33651 1.33345
2.33704 1.33361
2.33758 1.33377
2.33811 1.33393
2.33864 1.33409
2.33918 1.33425
2.33971 1.3344
2.34025 1.33456
2.34078 1.33472
2.34131 1.33488
2.34185 1.33504
2.34238 1.3352
2.34291 1.33536
2.34345 1.33551
2.34398 1.33567
2.34452 1.33583
2.34505 1.33599
2.34558 1.33615
2.34612 1.33631
2.34665 1.33646
2.34718 1.33662
2.34772 1.33678
2.34825 1.33694
2.34878 1.3371
2.34932 1.33725
2.34985 1.33741
2.35039 1.33757
2.35092 1.33773
2.35145 1.33789
2.35199 1.33804
2.35252 1.3382
2.35305 1.33836
2.35359 1.33852
2.35412 1.33867
2.35466 1.33883
2.35519 1.33899
2.35572 1.33915
2.35626 1.3393
2.35679 1.33946
2.35732 1.33962
2.35786 1.33978
2.35839 1.33993
2.35893 1.34009
2.35946 1.34025
2.35999 1.34041
2.36053 1.34056
2.36106 1.34072
2.36159 1.34088
2.36213 1.34103
2.36266 1.34119
2.36319 1.34135
2.36373 1.34151
2.36426 1.34166
2.3648 1.34182
2.36533 1.34198
2.36586 1.34213
2.3664 1.34229
2.36693 1.34245
2.36746 1.3426
2.368 1.34276
2.36853 1.34292
2.36907 1.34307
2.3696 1.34323
2.37013 1.34339
2.37067 1.34354
2.3712 1.3437
2.37173 1.34386
2.37227 1.34401
2.3728 1.34417
2.37333 1.34433
2.37387 1.34448
2.3744 1.34464
2.37494 1.3448
2.37547 1.34495
2.376 1.34511
2.37654 1.34526
2.37707 1.34542
2.3776 1.34558
2.37814 1.34573
2.37867 1.34589
2.37921 1.34604
2.37974 1.3462
2.38027 1.34636
2.38081 1.34651
2.38134 1.34667
2.38187 1.34682
2.38241 1.34698
2.38294 1.34714
2.38348 1.34729
2.38401 1.34745
2.38454 1.3476
2.38508 1.34776
2.38561 1.34791
2.38614 1.34807
2.38668 1.34822
2.38721 1.34838
2.38774 1.34854
2.38828 1.34869
2.38881 1.34885
2.38935 1.349
2.38988 1.34916
2.39041 1.34931
2.39095 1.34947
2.39148 1.34962
2.39201 1.34978
2.39255 1.34993
2.39308 1.35009
2.39362 1.35024
2.39415 1.3504
2.39468 1.35055
2.39522 1.35071
2.39575 1.35086
2.39628 1.35102
2.39682 1.35117
2.39735 1.35133
2.39788 1.35148
2.39842 1.35164
2.39895 1.35179
2.39949 1.35195
2.40002 1.3521
2.40055 1.35226
2.40109 1.35241
2.40162 1.35257
2.40215 1.35272
2.40269 1.35287
2.40322 1.35303
2.40376 1.35318
2.40429 1.35334
2.40482 1.35349
2.40536 1.35365
2.40589 1.3538
2.40642 1.35396
2.40696 1.35411
2.40749 1.35426
2.40802 1.35442
2.40856 1.35457
2.40909 1.35473
2.40963 1.35488
2.41016 1.35503
2.41069 1.35519
2.41123 1.35534
2.41176 1.3555
2.41229 1.35565
2.41283 1.3558
2.41336 1.35596
2.4139 1.35611
2.41443 1.35626
2.41496 1.35642
2.4155 1.35657
2.41603 1.35673
2.41656 1.35688
2.4171 1.35703
2.41763 1.35719
2.41817 1.35734
2.4187 1.35749
2.41923 1.35765
2.41977 1.3578
2.4203 1.35795
2.42083 1.35811
2.42137 1.35826
2.4219 1.35841
2.42243 1.35857
2.42297 1.35872
2.4235 1.35887
2.42404 1.35903
2.42457 1.35918
2.4251 1.35933
2.42564 1.35949
2.42617 1.35964
2.4267 1.35979
2.42724 1.35994
2.42777 1.3601
2.42831 1.36025
2.42884 1.3604
2.42937 1.36056
2.42991 1.36071
2.43044 1.36086
2.43097 1.36101
2.43151 1.36117
2.43204 1.36132
2.43257 1.36147
2.43311 1.36162
2.43364 1.36178
2.43418 1.36193
2.43471 1.36208
2.43524 1.36223
2.43578 1.36239
2.43631 1.36254
2.43684 1.36269
2.43738 1.36284
2.43791 1.363
2.43845 1.36315
2.43898 1.3633
2.43951 1.36345
2.44005 1.36361
2.44058 1.36376
2.44111 1.36391
2.44165 1.36406
2.44218 1.36421
2.44271 1.36437
2.44325 1.36452
2.44378 1.36467
2.44432 1.36482
2.44485 1.36497
2.44538 1.36512
2.44592 1.36528
2.44645 1.36543
2.44698 1.36558
2.44752 1.36573
2.44805 1.36588
2.44859 1.36603
2.44912 1.36619
2.44965 1.36634
2.45019 1.36649
2.45072 1.36664
2.45125 1.36679
2.45179 1.36694
2.45232 1.3671
2.45286 1.36725
2.45339 1.3674
2.45392 1.36755
2.45446 1.3677
2.45499 1.36785
2.45552 1.368
2.45606 1.36815
2.45659 1.3683
2.45712 1.36846
2.45766 1.36861
2.45819 1.36876
2.45873 1.36891
2.45926 1.36906
2.45979 1.36921
2.46033 1.36936
2.46086 1.36951
2.46139 1.36966
2.46193 1.36981
2.46246 1.36996
2.463 1.37012
2.46353 1.37027
2.46406 1.37042
2.4646 1.37057
2.46513 1.37072
2.46566 1.37087
2.4662 1.37102
2.46673 1.37117
2.46726 1.37132
2.4678 1.37147
2.46833 1.37162
2.46887 1.37177
2.4694 1.37192
2.46993 1.37207
2.47047 1.37222
2.471 1.37237
2.47153 1.37252
2.47207 1.37267
2.4726 1.37282
2.47314 1.37297
2.47367 1.37312
2.4742 1.37327
2.47474 1.37342
2.47527 1.37357
2.4758 1.37372
2.47634 1.37387
2.47687 1.37402
2.47741 1.37417
2.47794 1.37432
2.47847 1.37447
2.47901 1.37462
2.47954 1.37477
2.48007 1.37492
2.48061 1.37507
2.48114 1.37522
2.48167 1.37537
2.48221 1.37552
2.48274 1.37567
2.48328 1.37582
2.48381 1.37597
2.48434 1.37612
2.48488 1.37627
2.48541 1.37642
2.48594 1.37657
2.48648 1.37671
2.48701 1.37686
2.48755 1.37701
2.48808 1.37716
2.48861 1.37731
2.48915 1.37746
2.48968 1.37761
2.49021 1.37776
2.49075 1.37791
2.49128 1.37806
2.49181 1.37821
2.49235 1.37835
2.49288 1.3785
2.49342 1.37865
2.49395 1.3788
2.49448 1.37895
2.49502 1.3791
2.49555 1.37925
2.49608 1.3794
2.49662 1.37954
2.49715 1.37969
2.49769 1.37984
2.49822 1.37999
2.49875 1.38014
2.49929 1.38029
2.49982 1.38044
2.50035 1.38058
2.50089 1.38073
2.50142 1.38088
2.50195 1.38103
2.50249 1.38118
2.50302 1.38133
2.50356 1.38147
2.50409 1.38162
2.50462 1.38177
2.50516 1.38192
2.50569 1.38207
2.50622 1.38222
2.50676 1.38236
2.50729 1.38251
2.50783 1.38266
2.50836 1.38281
2.50889 1.38295
2.50943 1.3831
2.50996 1.38325
2.51049 1.3834
2.51103 1.38355
2.51156 1.38369
2.5121 1.38384
2.51263 1.38399
2.51316 1.38414
2.5137 1.38428
2.51423 1.38443
2.51476 1.38458
2.5153 1.38473
2.51583 1.38488
2.51636 1.38502
2.5169 1.38517
2.51743 1.38532
2.51797 1.38546
2.5185 1.38561
2.51903 1.38576
2.51957 1.38591
2.5201 1.38605
2.52063 1.3862
2.52117 1.38635
2.5217 1.3865
2.52224 1.38664
2.52277 1.38679
2.5233 1.38694
2.52384 1.38708
2.52437 1.38723
2.5249 1.38738
2.52544 1.38752
2.52597 1.38767
2.5265 1.38782
2.52704 1.38797
2.52757 1.38811
2.52811 1.38826
2.52864 1.38841
2.52917 1.38855
2.52971 1.3887
2.53024 1.38885
2.53077 1.38899
2.53131 1.38914
2.53184 1.38929
2.53238 1.38943
2.53291 1.38958
2.53344 1.38973
2.53398 1.38987
2.53451 1.39002
2.53504 1.39016
2.53558 1.39031
2.53611 1.39046
2.53665 1.3906
2.53718 1.39075
2.53771 1.3909
2.53825 1.39104
2.53878 1.39119
2.53931 1.39133
2.53985 1.39148
2.54038 1.39163
2.54091 1.39177
2.54145 1.39192
2.54198 1.39206
2.54252 1.39221
2.54305 1.39236
2.54358 1.3925
2.54412 1.39265
2.54465 1.39279
2.54518 1.39294
2.54572 1.39309
2.54625 1.39323
2.54679 1.39338
2.54732 1.39352
2.54785 1.39367
2.54839 1.39381
2.54892 1.39396
2.54945 1.3941
2.54999 1.39425
2.55052 1.3944
2.55105 1.39454
2.55159 1.39469
2.55212 1.39483
2.55266 1.39498
2.55319 1.39512
2.55372 1.39527
2.55426 1.39541
2.55479 1.39556
2.55532 1.3957
2.55586 1.39585
2.55639 1.39599
2.55693 1.39614
2.55746 1.39628
2.55799 1.39643
2.55853 1.39657
2.55906 1.39672
2.55959 1.39686
2.56013 1.39701
2.56066 1.39715
2.56119 1.3973
2.56173 1.39744
2.56226 1.39759
2.5628 1.39773
2.56333 1.39788
2.56386 1.39802
2.5644 1.39817
2.56493 1.39831
2.56546 1.39846
2.566 1.3986
2.56653 1.39875
2.56707 1.39889
2.5676 1.39903
2.56813 1.39918
2.56867 1.39932
2.5692 1.39947
2.56973 1.39961
2.57027 1.39976
2.5708 1.3999
2.57134 1.40005
2.57187 1.40019
2.5724 1.40033
2.57294 1.40048
2.57347 1.40062
2.574 1.40077
2.57454 1.40091
2.57507 1.40105
2.5756 1.4012
2.57614 1.40134
2.57667 1.40149
2.57721 1.40163
2.57774 1.40177
2.57827 1.40192
2.57881 1.40206
2.57934 1.40221
2.57987 1.40235
2.58041 1.40249
2.58094 1.40264
2.58148 1.40278
2.58201 1.40292
2.58254 1.40307
2.58308 1.40321
2.58361 1.40335
2.58414 1.4035
2.58468 1.40364
2.58521 1.40379
2.58574 1.40393
2.58628 1.40407
2.58681 1.40422
2.58735 1.40436
2.58788 1.4045
2.58841 1.40465
2.58895 1.40479
2.58948 1.40493
2.59001 1.40508
2.59055 1.40522
2.59108 1.40536
2.59162 1.4055
2.59215 1.40565
2.59268 1.40579
2.59322 1.40593
2.59375 1.40608
2.59428 1.40622
2.59482 1.40636
2.59535 1.40651
2.59589 1.40665
2.59642 1.40679
2.59695 1.40693
2.59749 1.40708
2.59802 1.40722
2.59855 1.40736
2.59909 1.40751
2.59962 1.40765
2.60015 1.40779
2.60069 1.40793
2.60122 1.40808
2.60176 1.40822
2.60229 1.40836
2.60282 1.4085
2.60336 1.40865
2.60389 1.40879
2.60442 1.40893
2.60496 1.40907
2.60549 1.40921
2.60603 1.40936
2.60656 1.4095
2.60709 1.40964
2.60763 1.40978
2.60816 1.40993
2.60869 1.41007
2.60923 1.41021
2.60976 1.41035
2.61029 1.41049
2.61083 1.41064
2.61136 1.41078
2.6119 1.41092
2.61243 1.41106
2.61296 1.4112
2.6135 1.41135
2.61403 1.41149
2.61456 1.41163
2.6151 1.41177
2.61563 1.41191
2.61617 1.41206
2.6167 1.4122
2.61723 1.41234
2.61777 1.41248
2.6183 1.41262
2.61883 1.41276
2.61937 1.41291
2.6199 1.41305
2.62043 1.41319
2.62097 1.41333
2.6215 1.41347
2.62204 1.41361
2.62257 1.41375
2.6231 1.4139
2.62364 1.41404
2.62417 1.41418
2.6247 1.41432
2.62524 1.41446
2.62577 1.4146
2.62631 1.41474
2.62684 1.41488
2.62737 1.41502
2.62791 1.41517
2.62844 1.41531
2.62897 1.41545
2.62951 1.41559
2.63004 1.41573
2.63058 1.41587
2.63111 1.41601
2.63164 1.41615
2.63218 1.41629
2.63271 1.41643
2.63324 1.41657
2.63378 1.41672
2.63431 1.41686
2.63484 1.417
2.63538 1.41714
2.63591 1.41728
2.63645 1.41742
2.63698 1.41756
2.63751 1.4177
2.63805 1.41784
2.63858 1.41798
2.63911 1.41812
2.63965 1.41826
2.64018 1.4184
2.64072 1.41854
2.64125 1.41868
2.64178 1.41882
2.64232 1.41896
2.64285 1.4191
2.64338 1.41924
2.64392 1.41938
2.64445 1.41952
2.64498 1.41966
2.64552 1.4198
2.64605 1.41994
2.64659 1.42008
2.64712 1.42022
2.64765 1.42036
2.64819 1.4205
2.64872 1.42064
2.64925 1.42078
2.64979 1.42092
2.65032 1.42106
2.65086 1.4212
2.65139 1.42134
2.65192 1.42148
2.65246 1.42162
2.65299 1.42176
2.65352 1.4219
2.65406 1.42204
2.65459 1.42218
2.65512 1.42232
2.65566 1.42246
2.65619 1.4226
2.65673 1.42274
2.65726 1.42288
2.65779 1.42302
2.65833 1.42316
2.65886 1.4233
2.65939 1.42344
2.65993 1.42358
2.66046 1.42372
2.661 1.42386
2.66153 1.42399
2.66206 1.42413
2.6626 1.42427
2.66313 1.42441
2.66366 1.42455
2.6642 1.42469
2.66473 1.42483
2.66527 1.42497
2.6658 1.42511
2.66633 1.42525
2.66687 1.42539
2.6674 1.42552
2.66793 1.42566
